1
1
4
4
6
6
7
7
7
7
7
8
8
9
9
11
11
11
12
12
12
13
13
13
14
14
15
15
16
16
17
17
17
19
19
19
20
20
20
20
22
22
22
22
23
23
23
24
24
24
24
25
25
26
26
27
27
27
27
27
29
29
29
29
29
30
30
31
31
32
32
32
32
33
33
34
34
36
36
36
36
38
38
39
39
39
39
40
40
41
41
43
43
43
50
50
50
51
51
51
52
52
54
54
57
57
57
58
58
58
59
59
60
60
60
60
60
60
60
60
60
60
60
61
61
62
62
62
63
63
64
64
65
65
65
65
65
65
66
66
68
68
68
69
69
69
71
71
73
73
74
74
74
74
74
74
74
74
74
74
74
74
74
74
74
74
74
74
75
75
76
76
76
77
77
79
79
79
79
81
81
81
81
81
81
82
82
82
83
83
83
84
84
84
84
84
84
84
86
86
87
87
87
87
87
87
87
87
87
87
87
88
88
91
91
92
92
95
95
96
96
98
98
99
99
99
99
99
100
100
101
101
104
104
105
105
106
106
106
106
106
106
106
107
107
108
108
108
109
109
110
110
111
111
114
114
115
115
118
118
118
118
118
118
119
119
119
120
120
122
122
122
123
123
124
124
124
124
124
124
124
126
126
126
126
128
128
132
132
132
132
132
132
132
132
132
132
132
132
132
132
132
132
132
135
135
136
136
137
137
138
138
138
138
140
140
140
140
143
143
144
144
146
146
146
149
149
151
151
151
152
152
152
152
153
153
153
153
154
154
154
155
155
156
156
157
157
158
158
159
159
160
160
161
161
162
162
163
163
163
163
163
163
163
163
163
163
163
163
163
166
166
167
167
168
168
174
174
174
174
174
174
174
174
176
176
176
176
178
178
180
180
180
181
181
182
182
182
182
182
182
182
182
182
182
182
182
182
182
182
182
184
184
184
184
184
185
185
185
185
185
185
186
186
186
186
186
186
187
187
187
187
187
187
187
187
187
187
187
187
187
187
187
187
187
187
187
187
187
187
187
187
187
187
187
187
188
188
189
189
189
189
189
190
190
191
191
191
192
192
193
193
194
194
196
196
198
198
199
199
200
200
202
202
202
202
202
202
202
202
202
202
202
202
202
202
202
202
203
203
203
203
205
205
207
207
210
210
211
211
212
212
213
213
214
214
215
215
216
216
217
217
219
219
220
220
224
224
225
225
228
228
228
228
228
228
228
228
229
229
229
229
231
231
232
232
232
232
232
232
232
233
233
233
233
233
233
233
233
233
233
233
233
233
233
233
234
234
236
236
236
237
237
237
239
239
240
240
241
241
242
242
244
244
244
244
244
244
244
244
244
244
244
244
244
244
244
244
246
246
249
249
250
250
251
251
252
252
253
253
253
257
257
259
259
259
259
259
259
259
260
260
260
264
264
265
265
267
267
270
270
272
272
273
273
273
273
273
273
273
273
276
276
276
277
277
277
278
278
278
279
279
280
280
281
281
282
282
282
284
284
285
285
285
286
286
287
287
287
289
289
290
290
291
291
291
291
292
292
292
295
295
295
295
296
296
299
299
299
299
299
299
301
301
301
301
303
303
304
304
304
306
306
309
309
310
310
311
311
312
312
314
314
314
314
314
314
314
314
314
314
314
314
316
316
318
318
319
319
320
320
320
320
320
321
321
321
321
325
325
325
325
325
325
325
325
325
325
325
325
325
325
325
325
325
325
325
325
325
325
325
325
325
325
326
326
328
328
328
328
328
330
330
331
331
331
332
332
333
333
333
333
336
336
336
336
337
337
337
337
337
338
338
338
338
339
339
339
342
342
343
343
343
344
344
344
345
345
347
347
348
348
351
351
353
353
354
354
354
355
355
355
355
357
357
357
358
358
358
358
358
358
358
358
358
358
358
358
358
358
358
358
358
359
359
362
362
363
363
363
365
365
365
365
365
365
365
367
367
368
368
368
368
368
368
368
368
368
368
368
368
368
368
368
368
368
368
368
369
369
369
369
370
370
370
372
372
375
375
376
376
376
376
377
377
378
378
378
379
379
382
382
383
383
384
384
385
385
385
387
387
388
388
388
388
388
390
390
391
391
391
392
392
392
392
392
392
392
392
392
392
394
394
395
395
396
396
397
397
399
399
401
401
401
402
402
404
404
405
405
406
406
407
407
407
408
408
408
408
408
408
408
408
408
408
408
408
408
409
409
410
410
410
410
411
411
413
413
414
414
416
416
419
419
419
419
419
419
419
419
419
419
419
419
419
419
419
419
419
419
419
419
419
419
419
419
419
419
419
419
420
420
420
420
422
422
423
423
423
423
423
423
425
425
426
426
426
428
428
430
430
430
433
433
433
433
433
433
433
433
433
433
433
434
434
434
435
435
436
436
436
436
438
438
439
439
439
439
439
440
440
441
441
441
443
443
444
444
445
445
447
447
447
448
448
449
449
449
450
450
451
451
451
452
452
452
453
453
453
453
454
454
454
456
456
457
457
457
457
457
457
458
458
459
459
460
460
461
461
462
462
464
464
468
468
471
471
472
472
473
473
474
474
475
475
475
475
476
476
477
477
477
478
478
478
481
481
482
482
482
483
483
483
483
483
483
484
484
486
486
488
488
488
489
489
489
489
489
489
489
489
489
489
489
489
489
489
490
490
490
490
498
498
498
498
500
500
500
500
500
501
501
502
502
504
504
505
505
505
506
506
506
508
508
508
509
509
511
511
511
512
512
512
513
513
514
514
515
515
516
516
516
516
516
517
517
517
517
518
518
518
518
518
519
519
521
521
521
522
522
522
523
523
524
524
525
525
525
527
527
527
527
527
527
527
527
527
528
528
528
528
529
529
531
531
531
532
532
533
533
534
534
535
535
539
539
544
544
544
544
544
544
544
546
546
546
548
548
548
549
549
549
549
551
551
557
557
558
558
559
559
559
560
560
560
560
560
560
560
560
560
560
560
560
560
560
561
561
562
562
563
563
564
564
564
564
564
565
565
566
566
567
567
567
570
570
570
571
571
571
571
572
572
573
573
573
574
574
575
575
575
579
579
579
580
580
580
580
582
582
582
583
583
584
584
585
585
585
585
585
588
588
589
589
592
592
592
592
592
592
592
593
593
593
593
593
593
593
593
593
593
593
593
594
594
594
597
597
597
598
598
599
599
599
601
601
603
603
607
607
608
608
609
609
610
610
612
612
612
614
614
614
616
616
617
617
617
618
618
618
620
620
620
621
621
623
623
623
623
625
625
625
625
629
629
631
631
632
632
632
632
632
632
632
632
633
633
635
635
635
635
637
637
637
637
637
638
638
639
639
639
641
641
641
642
642
643
643
644
644
645
645
646
646
647
647
650
650
650
650
650
650
650
650
650
650
650
650
651
651
652
652
653
653
654
654
655
655
656
656
657
657
657
658
658
659
659
660
660
660
660
662
662
663
663
665
665
670
670
670
671
671
674
674
674
675
675
675
676
676
677
677
677
677
679
679
681
681
681
681
681
682
682
683
683
684
684
684
684
684
684
684
684
684
685
685
686
686
687
687
687
688
688
688
688
689
689
690
690
691
691
691
691
691
692
692
693
693
694
694
694
694
695
695
695
695
695
696
696
696
696
697
697
697
698
698
698
698
698
701
701
702
702
702
702
705
705
706
706
707
707
709
709
710
710
715
715
716
716
717
717
720
720
720
721
721
721
729
729
730
730
730
731
731
731
731
732
732
733
733
733
738
738
738
739
739
739
739
739
739
739
739
739
739
739
739
739
740
740
741
741
742
742
743
743
744
744
744
746
746
746
746
747
747
747
747
747
747
747
747
747
749
749
750
750
750
751
751
751
753
753
754
754
755
755
756
756
757
757
760
760
760
760
761
761
764
764
764
764
765
765
767
767
767
767
767
767
767
767
768
768
768
768
771
771
771
771
771
771
771
772
772
773
773
775
775
776
776
776
777
777
778
778
778
778
778
779
779
779
782
782
783
783
783
783
784
784
785
785
786
786
787
787
787
787
787
787
787
787
787
787
787
787
787
787
787
787
787
789
789
789
789
789
789
789
790
790
791
791
791
791
793
793
793
793
794
794
794
794
795
795
796
796
798
798
798
798
799
799
799
799
799
800
800
802
802
802
803
803
807
807
807
808
808
808
808
808
808
808
808
808
808
808
808
808
808
808
808
808
808
808
808
808
808
808
808
810
810
811
811
811
811
812
812
813
813
817
817
820
820
821
821
823
823
823
823
823
824
824
826
826
826
829
829
830
830
831
831
831
831
832
832
832
832
832
832
832
832
832
832
832
832
832
832
832
832
833
833
834
834
834
834
834
835
835
835
835
835
835
835
835
835
835
835
835
835
835
835
835
835
835
835
835
835
835
835
835
835
835
835
835
835
835
835
835
835
835
835
835
835
835
835
835
835
835
835
835
835
835
835
835
835
835
835
835
835
835
835
835
835
835
835
835
835
835
835
835
835
835
835
835
835
835
835
835
835
835
835
835
835
835
835
835
835
835
835
835
835
835
835
835
835
835
835
835
835
835
835
835
835
835
835
835
835
835
835
835
835
835
835
835
835
835
835
835
835
835
835
835
835
835
835
835
835
835
835
835
835
835
835
835
835
835
835
835
835
835
835
835
835
835
835
835
835
835
835
835
835
835
835
835
835
835
835
835
835
835
835
835
835
835
835
835
835
835
835
835
835
835
835
835
835
835
835
835
835
835
835
835
835
835
835
835
835
835
835
835
835
835
835
835
835
835
835
835
835
835
835
835
835
835
835
835
835
835
835
835
835
835
835
835
835
835
835
835
835
835
835
835
835
835
835
835
835
835
835
835
835
835
835
835
835
835
835
835
835
835
835
835
835
835
835
835
835
835
835
835
835
835
835
835
835
835
835
835
835
835
835
835
835
835
835
835
835
835
835
835
835
835
835
835
835
835
835
835
835
835
835
835
835
835
835
835
835
835
835
835
835
835
835
835
835
835
835
835
835
835
835
835
835
835
835
835
835
835
835
835
835
835
835
835
835
835
835
835
835
835
835
835
835
835
835
835
835
835
835
835
835
835
835
835
835
835
835
835
835
835
835
835
835
835
835
835
835
835
835
835
835
835
835
835
835
835
835
835
835
835
835
835
835
835
835
835
835
835
835
835
835
835
835
835
835
835
835
835
835
835
835
835
835
835
835
835
835
835
835
835
835
835
835
835
835
835
835
835
835
835
835
835
835
835
835
835
835
835
835
835
835
835
835
835
835
835
835
835
835
835
835
835
835
835
835
835
835
835
835
835
835
835
835
835
835
835
835
835
835
835
835
835
835
835
835
835
835
835
835
835
835
835
835
835
835
835
835
835
835
835
835
835
835
835
835
835
835
835
835
835
835
835
835
835
835
835
835
835
835
835
835
835
835
835
835
835
835
835
835
835
835
835
835
835
835
835
835
835
835
835
835
835
835
835
835
835
835
835
835
835
835
835
835
835
835
835
835
835
835
835
835
835
835
835
835
835
835
835
835
835
835
835
835
835
835
835
835
835
835
835
835
835
835
835
835
835
835
835
835
835
835
835
835
835
835
835
835
835
835
835
835
835
835
835
835
835
835
835
835
835
835
835
835
835
835
835
835
835
835
835
835
835
835
835
835
835
835
835
835
835
835
835
835
835
835
835
835
835
835
835
835
835
835
835
835
835
835
835
835
835
835
835
835
835
835
835
835
835
835
835
835
835
835
835
835
835
835
835
835
835
835
835
835
835
835
835
835
835
835
835
835
835
835
835
835
835
835
835
835
835
835
835
835
835
835
835
835
835
835
835
835
835
835
835
835
835
835
835
835
835
835
835
835
835
835
835
835
835
835
835
835
835
835
835
835
835
835
835
835
835
835
835
835
835
836
836
837
837
838
838
841
841
841
841
841
842
842
843
843
847
847
847
848
848
850
850
850
851
851
853
853
853
855
855
856
856
857
857
860
860
861
861
861
861
862
862
862
862
862
862
863
863
863
863
864
864
865
865
866
866
866
866
866
866
867
867
868
868
869
869
870
870
871
871
872
872
872
873
873
874
874
874
874
874
874
874
874
874
874
874
874
874
874
874
874
874
874
874
874
874
874
874
874
875
875
876
876
876
876
876
876
876
876
876
876
877
877
877
878
878
879
879
880
880
881
881
882
882
883
883
886
886
887
887
887
887
887
887
887
888
888
889
889
890
890
890
890
890
890
891
891
892
892
892
892
892
892
892
894
894
895
895
898
898
899
899
901
901
902
902
903
903
904
904
907
907
908
908
908
909
909
909
910
910
910
910
911
911
913
913
913
913
913
913
913
913
913
914
914
914
915
915
916
916
916
917
917
923
923
924
924
924
925
925
925
926
926
926
927
927
928
928
929
929
929
929
931
931
931
934
934
935
935
936
936
936
936
936
936
936
937
937
937
937
941
941
941
942
942
942
943
943
943
944
944
945
945
947
947
948
948
949
949
949
949
949
950
950
951
951
953
953
956
956
961
961
962
962
962
964
964
964
964
964
964
966
966
968
968
969
969
969
969
970
970
970
970
970
970
970
970
970
970
970
970
970
970
970
971
971
972
972
973
973
973
974
974
974
975
975
975
975
975
975
976
976
977
977
977
977
978
978
979
979
981
981
981
981
981
981
981
982
982
983
983
983
983
986
986
986
987
987
987
987
987
988
988
988
990
990
991
991
991
992
992
993
993
993
993
993
994
994
995
995
999
999
999
1000
1000
1000
1002
1002
1003
1003
1004
1004
1004
1005
1005
1005
1006
1006
1006
1008
1008
1010
1010
1012
1012
1012
1012
1012
1012
1012
1012
1013
1013
1014
1014
1015
1015
1016
1016
1018
1018
1018
1019
1019
1020
1020
1021
1021
1022
1022
1023
1023
1024
1024
1024
1025
1025
1026
1026
1026
1026
1026
1030
1030
1031
1031
1033
1033
1037
1037
1037
1037
1038
1038
1038
1038
1038
1038
1039
1039
1042
1042
1042
1042
1045
1045
1046
1046
1046
1046
1053
1053
1053
1053
1053
1053
1053
1053
1053
1053
1056
1056
1057
1057
1057
1057
1057
1060
1060
1060
1060
1061
1061
1068
1068
1071
1071
1071
1072
1072
1073
1073
1075
1075
1075
1077
1077
1078
1078
1079
1079
1079
1079
1082
1082
1082
1082
1082
1083
1083
1083
1083
1084
1084
1085
1085
1086
1086
1087
1087
1087
1087
1087
1087
1087
1088
1088
1089
1089
1089
1090
1090
1091
1091
1094
1094
1094
1095
1095
1096
1096
1096
1097
1097
1097
1097
1098
1098
1098
1098
1098
1099
1099
1099
1100
1100
1100
1100
1100
1100
1100
1100
1100
1100
1100
1100
1100
1100
1100
1100
1100
1100
1100
1100
1100
1100
1100
1100
1100
1104
1104
1105
1105
1106
1106
1109
1109
1109
1111
1111
1116
1116
1117
1117
1118
1118
1118
1121
1121
1121
1121
1121
1121
1122
1122
1124
1124
1126
1126
1128
1128
1129
1129
1129
1131
1131
1132
1132
1133
1133
1133
1133
1134
1134
1135
1135
1135
1138
1138
1140
1140
1140
1140
1140
1140
1140
1141
1141
1141
1143
1143
1144
1144
1144
1145
1145
1146
1146
1147
1147
1148
1148
1149
1149
1149
1149
1152
1152
1152
1153
1153
1155
1155
1157
1157
1157
1159
1159
1160
1160
1161
1161
1161
1161
1162
1162
1164
1164
1166
1166
1169
1169
1171
1171
1171
1171
1171
1171
1173
1173
1174
1174
1174
1175
1175
1176
1176
1176
1176
1176
1179
1179
1179
1179
1179
1179
1179
1179
1179
1179
1179
1179
1179
1179
1179
1179
1179
1179
1179
1179
1179
1179
1179
1179
1179
1179
1179
1179
1179
1179
1179
1179
1179
1179
1181
1181
1182
1182
1183
1183
1183
1183
1183
1184
1184
1185
1185
1191
1191
1191
1191
1191
1191
1192
1192
1193
1193
1193
1193
1194
1194
1194
1194
1194
1197
1197
1198
1198
1199
1199
1203
1203
1203
1203
1203
1203
1204
1204
1204
1204
1204
1204
1204
1204
1204
1204
1204
1204
1204
1204
1204
1204
1204
1204
1204
1204
1204
1204
1204
1204
1204
1204
1205
1205
1205
1205
1207
1207
1208
1208
1209
1209
1211
1211
1211
1212
1212
1213
1213
1213
1215
1215
1216
1216
1216
1216
1216
1217
1217
1219
1219
1220
1220
1220
1220
1220
1221
1221
1221
1225
1225
1225
1225
1225
1225
1226
1226
1227
1227
1228
1228
1228
1229
1229
1229
1230
1230
1231
1231
1231
1232
1232
1233
1233
1235
1235
1235
1239
1239
1240
1240
1242
1242
1242
1245
1245
1246
1246
1250
1250
1251
1251
1251
1251
1251
1252
1252
1254
1254
1255
1255
1255
1255
1256
1256
1261
1261
1261
1262
1262
1263
1263
1264
1264
1267
1267
1269
1269
1270
1270
1271
1271
1272
1272
1274
1274
1274
1276
1276
1278
1278
1281
1281
1282
1282
1283
1283
1283
1285
1285
1285
1285
1290
1290
1292
1292
1292
1293
1293
1293
1293
1294
1294
1294
1294
1294
1294
1294
1294
1294
1294
1298
1298
1300
1300
1300
1300
1300
1300
1300
1300
1300
1300
1300
1300
1301
1301
1302
1302
1302
1303
1303
1303
1304
1304
1305
1305
1307
1307
1308
1308
1309
1309
1311
1311
1311
1312
1312
1312
1312
1313
1313
1313
1313
1313
1313
1313
1313
1313
1313
1313
1313
1313
1313
1313
1313
1313
1313
1313
1313
1313
1313
1313
1313
1313
1313
1313
1313
1313
1313
1313
1313
1313
1313
1313
1313
1314
1314
1316
1316
1317
1317
1317
1317
1318
1318
1324
1324
1325
1325
1325
1325
1325
1325
1327
1327
1330
1330
1330
1330
1330
1333
1333
1333
1333
1333
1333
1333
1333
1333
1333
1333
1334
1334
1334
1336
1336
1337
1337
1337
1337
1337
1337
1337
1339
1339
1339
1340
1340
1340
1341
1341
1342
1342
1342
1343
1343
1345
1345
1347
1347
1347
1347
1347
1347
1347
1350
1350
1352
1352
1353
1353
1354
1354
1354
1358
1358
1359
1359
1361
1361
1362
1362
1362
1363
1363
1363
1363
1364
1364
1366
1366
1367
1367
1368
1368
1371
1371
1372
1372
1372
1372
1372
1372
1372
1372
1372
1373
1373
1374
1374
1374
1374
1375
1375
1376
1376
1377
1377
1377
1378
1378
1379
1379
1379
1379
1379
1379
1379
1379
1379
1379
1383
1383
1384
1384
1384
1384
1384
1384
1386
1386
1388
1388
1389
1389
1391
1391
1394
1394
1395
1395
1395
1395
1395
1395
1397
1397
1398
1398
1399
1399
1401
1401
1405
1405
1406
1406
1406
1407
1407
1411
1411
1411
1411
1411
1413
1413
1413
1415
1415
1415
1416
1416
1416
1417
1417
1417
1417
1417
1418
1418
1418
1419
1419
1422
1422
1423
1423
1423
1423
1423
1424
1424
1425
1425
1426
1426
1431
1431
1432
1432
1432
1432
1433
1433
1434
1434
1434
1435
1435
1436
1436
1436
1436
1436
1436
1436
1436
1436
1436
1436
1436
1436
1436
1437
1437
1437
1438
1438
1438
1438
1438
1438
1438
1438
1438
1438
1438
1438
1438
1438
1438
1438
1438
1438
1438
1438
1438
1438
1438
1438
1438
1439
1439
1440
1440
1440
1440
1440
1440
1441
1441
1441
1442
1442
1443
1443
1444
1444
1444
1445
1445
1446
1446
1450
1450
1450
1450
1450
1450
1451
1451
1453
1453
1453
1454
1454
1457
1457
1459
1459
1459
1459
1459
1459
1459
1459
1459
1461
1461
1465
1465
1466
1466
1466
1466
1466
1467
1467
1470
1470
1470
1470
1470
1470
1470
1470
1470
1470
1470
1470
1470
1473
1473
1474
1474
1475
1475
1475
1476
1476
1477
1477
1480
1480
1482
1482
1483
1483
1483
1485
1485
1485
1485
1485
1485
1485
1485
1485
1485
1485
1485
1485
1485
1485
1485
1485
1485
1485
1485
1485
1485
1485
1485
1485
1485
1485
1485
1485
1485
1485
1485
1485
1485
1485
1485
1485
1485
1485
1485
1485
1485
1485
1485
1485
1485
1485
1485
1485
1485
1485
1491
1491
1492
1492
1493
1493
1493
1493
1494
1494
1494
1494
1495
1495
1496
1496
1496
1496
1497
1497
1498
1498
1501
1501
1503
1503
1503
1503
1503
1503
1504
1504
1506
1506
1508
1508
1509
1509
1511
1511
1513
1513
1513
1514
1514
1515
1515
1515
1516
1516
1516
1517
1517
1518
1518
1518
1518
1518
1518
1518
1519
1519
1520
1520
1520
1523
1523
1524
1524
1527
1527
1528
1528
1529
1529
1529
1530
1530
1530
1530
1532
1532
1533
1533
1533
1533
1534
1534
1535
1535
1536
1536
1536
1537
1537
1538
1538
1539
1539
1542
1542
1542
1542
1545
1545
1546
1546
1546
1546
1548
1548
1549
1549
1549
1554
1554
1555
1555
1556
1556
1557
1557
1561
1561
1561
1561
1561
1561
1561
1565
1565
1565
1565
1568
1568
1569
1569
1570
1570
1571
1571
1571
1571
1571
1571
1572
1572
1573
1573
1573
1573
1574
1574
1574
1575
1575
1575
1575
1575
1575
1575
1575
1575
1575
1575
1575
1575
1576
1576
1576
1576
1576
1576
1576
1576
1576
1576
1576
1578
1578
1578
1578
1578
1578
1578
1578
1578
1578
1578
1578
1578
1578
1578
1578
1578
1578
1578
1578
1578
1579
1579
1579
1580
1580
1582
1582
1583
1583
1584
1584
1584
1585
1585
1587
1587
1588
1588
1588
1589
1589
1589
1589
1592
1592
1593
1593
1594
1594
1595
1595
1595
1595
1596
1596
1598
1598
1598
1598
1598
1598
1598
1598
1598
1599
1599
1599
1600
1600
1600
1600
1600
1600
1600
1600
1600
1600
1601
1601
1602
1602
1603
1603
1603
1605
1605
1606
1606
1606
1608
1608
1610
1610
1611
1611
1611
1612
1612
1612
1612
1612
1614
1614
1615
1615
1615
1618
1618
1619
1619
1619
1619
1619
1619
1619
1619
1620
1620
1620
1621
1621
1621
1621
1622
1622
1622
1623
1623
1624
1624
1624
1624
1624
1625
1625
1625
1625
1625
1626
1626
1626
1626
1627
1627
1628
1628
1628
1628
1629
1629
1629
1629
1630
1630
1631
1631
1632
1632
1633
1633
1634
1634
1634
1634
1635
1635
1635
1636
1636
1637
1637
1637
1637
1638
1638
1639
1639
1639
1639
1639
1639
1639
1639
1639
1639
1639
1639
1639
1642
1642
1642
1642
1642
1642
1642
1642
1642
1642
1646
1646
1646
1646
1646
1647
1647
1648
1648
1649
1649
1650
1650
1650
1651
1651
1651
1652
1652
1654
1654
1654
1654
1658
1658
1658
1659
1659
1661
1661
1666
1666
1667
1667
1669
1669
1673
1673
1674
1674
1675
1675
1675
1675
1678
1678
1679
1679
1680
1680
1681
1681
1681
1681
1682
1682
1683
1683
1683
1683
1683
1683
1683
1683
1683
1683
1683
1683
1683
1683
1683
1683
1683
1683
1683
1683
1683
1683
1683
1683
1683
1683
1683
1683
1683
1687
1687
1687
1687
1687
1687
1687
1687
1687
1687
1687
1687
1687
1687
1688
1688
1688
1688
1688
1688
1688
1688
1688
1688
1689
1689
1690
1690
1690
1691
1691
1691
1692
1692
1693
1693
1695
1695
1696
1696
1696
1697
1697
1697
1697
1697
1697
1697
1697
1697
1697
1697
1697
1697
1697
1698
1698
1698
1698
1699
1699
1700
1700
1700
1701
1701
1701
1701
1701
1702
1702
1704
1704
1704
1704
1704
1704
1704
1704
1704
1704
1704
1704
1704
1704
1704
1704
1706
1706
1706
1709
1709
1709
1709
1709
1710
1710
1710
1710
1710
1710
1710
1710
1710
1711
1711
1711
1713
1713
1715
1715
1717
1717
1717
1718
1718
1718
1719
1719
1721
1721
1723
1723
1723
1725
1725
1725
1725
1725
1725
1725
1726
1726
1728
1728
1730
1730
1732
1732
1732
1732
1735
1735
1735
1735
1735
1735
1735
1735
1736
1736
1737
1737
1737
1738
1738
1738
1739
1739
1739
1740
1740
1742
1742
1743
1743
1743
1744
1744
1745
1745
1746
1746
1748
1748
1752
1752
1753
1753
1754
1754
1755
1755
1755
1755
1755
1756
1756
1756
1756
1756
1756
1756
1757
1757
1759
1759
1760
1760
1763
1763
1763
1763
1763
1763
1764
1764
1764
1764
1764
1764
1764
1764
1764
1765
1765
1768
1768
1768
1771
1771
1771
1771
1773
1773
1774
1774
1774
1775
1775
1775
1775
1776
1776
1776
1776
1776
1776
1776
1776
1777
1777
1779
1779
1782
1782
1782
1782
1783
1783
1783
1783
1784
1784
1786
1786
1787
1787
1788
1788
1788
1788
1788
1788
1788
1789
1789
1789
1792
1792
1794
1794
1795
1795
1796
1796
1797
1797
1797
1797
1797
1797
1797
1797
1798
1798
1799
1799
1800
1800
1800
1802
1802
1803
1803
1803
1803
1803
1803
1803
1803
1803
1804
1804
1805
1805
1805
1805
1808
1808
1808
1808
1808
1808
1808
1810
1810
1811
1811
1813
1813
1814
1814
1814
1815
1815
1816
1816
1817
1817
1817
1818
1818
1819
1819
1820
1820
1822
1822
1823
1823
1824
1824
1824
1825
1825
1825
1825
1825
1825
1825
1825
1829
1829
1831
1831
1832
1832
1832
1832
1833
1833
1833
1833
1833
1833
1833
1833
1833
1833
1833
1833
1834
1834
1834
1835
1835
1836
1836
1836
1837
1837
1839
1839
1840
1840
1841
1841
1842
1842
1842
1842
1842
1842
1842
1842
1842
1842
1842
1842
1842
1842
1842
1842
1842
1842
1842
1842
1842
1842
1842
1842
1842
1842
1844
1844
1846
1846
1846
1847
1847
1847
1847
1851
1851
1852
1852
1852
1852
1852
1853
1853
1854
1854
1854
1854
1854
1856
1856
1856
1859
1859
1859
1859
1859
1861
1861
1862
1862
1864
1864
1865
1865
1867
1867
1868
1868
1869
1869
1870
1870
1871
1871
1873
1873
1875
1875
1875
1876
1876
1876
1881
1881
1881
1881
1881
1881
1882
1882
1882
1882
1883
1883
1883
1883
1884
1884
1884
1888
1888
1890
1890
1891
1891
1892
1892
1892
1893
1893
1893
1893
1893
1893
1894
1894
1896
1896
1896
1896
1897
1897
1898
1898
1901
1901
1901
1902
1902
1902
1903
1903
1904
1904
1906
1906
1907
1907
1908
1908
1908
1908
1909
1909
1914
1914
1915
1915
1916
1916
1919
1919
1920
1920
1921
1921
1923
1923
1924
1924
1924
1925
1925
1926
1926
1926
1926
1926
1926
1926
1927
1927
1928
1928
1929
1929
1931
1931
1933
1933
1934
1934
1935
1935
1938
1938
1941
1941
1941
1942
1942
1943
1943
1943
1943
1943
1943
1944
1944
1944
1944
1945
1945
1945
1946
1946
1946
1946
1948
1948
1948
1950
1950
1951
1951
1952
1952
1952
1953
1953
1955
1955
1957
1957
1958
1958
1958
1960
1960
1960
1960
1960
1963
1963
1964
1964
1965
1965
1965
1965
1965
1965
1965
1968
1968
1970
1970
1970
1971
1971
1972
1972
1973
1973
1973
1973
1974
1974
1974
1976
1976
1977
1977
1977
1978
1978
1979
1979
1980
1980
1981
1981
1981
1984
1984
1986
1986
1988
1988
1990
1990
1991
1991
1991
1992
1992
1992
1993
1993
1993
1994
1994
1994
1994
1995
1995
1996
1996
1999
1999
1999
2000
2000
2001
2001
2003
2003
2004
2004
2004
2004
2004
2004
2004
2004
2004
2004
2004
2004
2004
2005
2005
2008
2008
2009
2009
2009
2011
2011
2012
2012
2012
2013
2013
2016
2016
2016
2017
2017
2020
2020
2020
2021
2021
2022
2022
2022
2023
2023
2023
2024
2024
2024
2027
2027
2030
2030
2030
2030
2030
2030
2030
2030
2030
2030
2030
2030
2030
2030
2033
2033
2034
2034
2034
2035
2035
2036
2036
2037
2037
2039
2039
2040
2040
2041
2041
2041
2044
2044
2046
2046
2051
2051
2051
2052
2052
2053
2053
2054
2054
2054
2054
2054
2054
2054
2054
2054
2054
2055
2055
2055
2055
2055
2056
2056
2057
2057
2058
2058
2059
2059
2059
2065
2065
2067
2067
2067
2068
2068
2069
2069
2071
2071
2071
2072
2072
2072
2072
2074
2074
2075
2075
2076
2076
2076
2077
2077
2079
2079
2080
2080
2081
2081
2083
2083
2083
2085
2085
2085
2085
2085
2085
2087
2087
2088
2088
2089
2089
2090
2090
2090
2090
2090
2090
2090
2091
2091
2092
2092
2093
2093
2095
2095
2095
2095
2095
2095
2095
2095
2095
2095
2095
2096
2096
2097
2097
2098
2098
2099
2099
2100
2100
2100
2100
2100
2101
2101
2104
2104
2106
2106
2107
2107
2108
2108
2108
2111
2111
2111
2116
2116
2117
2117
2117
2117
2118
2118
2119
2119
2119
2121
2121
2122
2122
2122
2124
2124
2124
2126
2126
2127
2127
2128
2128
2129
2129
2130
2130
2131
2131
2131
2131
2132
2132
2132
2132
2132
2132
2134
2134
2137
2137
2137
2138
2138
2138
2138
2139
2139
2139
2139
2139
2139
2140
2140
2140
2142
2142
2142
2142
2142
2142
2142
2142
2144
2144
2145
2145
2147
2147
2147
2147
2147
2151
2151
2152
2152
2153
2153
2154
2154
2154
2155
2155
2155
2157
2157
2157
2158
2158
2158
2159
2159
2160
2160
2160
2162
2162
2164
2164
2167
2167
2167
2167
2167
2167
2167
2167
2167
2169
2169
2169
2169
2169
2170
2170
2170
2171
2171
2174
2174
2175
2175
2176
2176
2176
2178
2178
2184
2184
2186
2186
2188
2188
2188
2191
2191
2193
2193
2197
2197
2197
2198
2198
2201
2201
2201
2203
2203
2206
2206
2208
2208
2211
2211
2211
2211
2214
2214
2215
2215
2218
2218
2219
2219
2223
2223
2223
2223
2225
2225
2227
2227
2229
2229
2233
2233
2236
2236
2237
2237
2238
2238
2239
2239
2240
2240
2240
2241
2241
2242
2242
2242
2243
2243
2243
2243
2245
2245
2247
2247
2248
2248
2249
2249
2251
2251
2254
2254
2254
2255
2255
2257
2257
2257
2257
2259
2259
2261
2261
2265
2265
2265
2265
2265
2265
2265
2265
2265
2265
2265
2265
2265
2265
2265
2266
2266
2266
2266
2266
2266
2266
2266
2266
2267
2267
2267
2267
2267
2267
2267
2267
2267
2267
2267
2267
2269
2269
2271
2271
2271
2271
2272
2272
2272
2273
2273
2275
2275
2276
2276
2277
2277
2278
2278
2278
2278
2280
2280
2281
2281
2282
2282
2283
2283
2283
2283
2284
2284
2286
2286
2287
2287
2289
2289
2290
2290
2290
2291
2291
2294
2294
2294
2294
2296
2296
2300
2300
2300
2300
2301
2301
2301
2303
2303
2304
2304
2305
2305
2305
2305
2306
2306
2306
2306
2307
2307
2307
2307
2308
2308
2309
2309
2310
2310
2310
2310
2315
2315
2315
2317
2317
2318
2318
2318
2319
2319
2320
2320
2323
2323
2324
2324
2325
2325
2325
2326
2326
2329
2329
2329
2329
2329
2330
2330
2331
2331
2331
2331
2332
2332
2334
2334
2336
2336
2339
2339
2339
2339
2339
2339
2339
2339
2339
2340
2340
2340
2340
2340
2340
2340
2340
2340
2340
2340
2341
2341
2344
2344
2346
2346
2349
2349
2356
2356
2359
2359
2359
2359
2359
2359
2360
2360
2362
2362
2363
2363
2364
2364
2364
2365
2365
2367
2367
2368
2368
2369
2369
2370
2370
2371
2371
2372
2372
2373
2373
2373
2374
2374
2374
2374
2374
2376
2376
2376
2376
2376
2376
2376
2376
2376
2376
2376
2376
2376
2376
2376
2382
2382
2383
2383
2384
2384
2384
2386
2386
2389
2389
2390
2390
2390
2391
2391
2393
2393
2393
2393
2398
2398
2399
2399
2402
2402
2402
2402
2402
2402
2402
2402
2403
2403
2404
2404
2405
2405
2407
2407
2408
2408
2408
2408
2408
2408
2408
2408
2408
2408
2408
2408
2408
2408
2408
2408
2408
2408
2408
2408
2408
2408
2408
2408
2408
2408
2408
2408
2408
2408
2409
2409
2410
2410
2411
2411
2412
2412
2412
2413
2413
2413
2413
2417
2417
2417
2417
2417
2418
2418
2421
2421
2421
2421
2422
2422
2424
2424
2424
2426
2426
2426
2428
2428
2431
2431
2431
2431
2431
2431
2431
2431
2431
2431
2431
2431
2431
2432
2432
2432
2432
2433
2433
2435
2435
2438
2438
2440
2440
2442
2442
2443
2443
2443
2446
2446
2446
2446
2446
2447
2447
2447
2448
2448
2448
2448
2448
2448
2448
2448
2448
2448
2448
2448
2449
2449
2449
2449
2449
2449
2449
2452
2452
2454
2454
2454
2457
2457
2458
2458
2460
2460
2462
2462
2462
2465
2465
2465
2465
2465
2465
2465
2465
2465
2465
2465
2465
2465
2465
2465
2465
2465
2465
2465
2465
2465
2465
2465
2465
2465
2465
2465
2465
2465
2465
2465
2465
2465
2465
2466
2466
2466
2467
2467
2467
2467
2468
2468
2469
2469
2469
2469
2469
2470
2470
2473
2473
2474
2474
2474
2476
2476
2476
2478
2478
2478
2478
2478
2478
2479
2479
2480
2480
2480
2481
2481
2482
2482
2482
2482
2483
2483
2483
2483
2483
2483
2483
2483
2483
2484
2484
2484
2484
2484
2484
2484
2484
2484
2484
2484
2484
2485
2485
2486
2486
2487
2487
2488
2488
2491
2491
2492
2492
2493
2493
2495
2495
2496
2496
2496
2497
2497
2499
2499
2499
2500
2500
2500
2500
2501
2501
2501
2501
2502
2502
2504
2504
2504
2504
2504
2504
2504
2504
2504
2504
2504
2504
2504
2504
2504
2504
2504
2504
2504
2504
2504
2504
2504
2504
2504
2504
2504
2504
2504
2504
2504
2504
2504
2504
2504
2504
2504
2504
2504
2504
2504
2504
2504
2504
2504
2504
2504
2504
2504
2504
2504
2504
2504
2504
2504
2505
2505
2505
2505
2505
2507
2507
2508
2508
2508
2508
2510
2510
2512
2512
2512
2512
2512
2513
2513
2513
2514
2514
2514
2515
2515
2517
2517
2517
2517
2517
2518
2518
2519
2519
2521
2521
2522
2522
2522
2522
2522
2522
2522
2522
2523
2523
2525
2525
2525
2526
2526
2527
2527
2527
2527
2529
2529
2529
2530
2530
2532
2532
2532
2532
2532
2534
2534
2536
2536
2536
2536
2537
2537
2538
2538
2540
2540
2542
2542
2544
2544
2546
2546
2546
2547
2547
2547
2547
2547
2547
2547
2547
2547
2547
2547
2547
2547
2547
2547
2547
2547
2547
2547
2548
2548
2548
2548
2548
2548
2548
2548
2548
2548
2548
2548
2548
2548
2548
2548
2548
2548
2548
2548
2548
2548
2549
2549
2551
2551
2553
2553
2553
2554
2554
2554
2554
2554
2554
2554
2554
2554
2554
2554
2554
2554
2554
2554
2554
2554
2554
2554
2554
2554
2554
2554
2554
2554
2554
2554
2554
2554
2555
2555
2557
2557
2557
2557
2558
2558
2560
2560
2563
2563
2565
2565
2566
2566
2567
2567
2569
2569
2570
2570
2575
2575
2575
2575
2576
2576
2577
2577
2578
2578
2579
2579
2579
2579
2579
2582
2582
2582
2582
2582
2582
2584
2584
2585
2585
2586
2586
2586
2586
2586
2587
2587
2591
2591
2592
2592
2592
2592
2593
2593
2593
2593
2593
2594
2594
2594
2594
2594
2595
2595
2596
2596
2598
2598
2599
2599
2600
2600
2600
2600
2602
2602
2603
2603
2603
2603
2607
2607
2607
2609
2609
2609
2609
2610
2610
2611
2611
2611
2612
2612
2612
2613
2613
2614
2614
2617
2617
2622
2622
2624
2624
2626
2626
2626
2627
2627
2628
2628
2629
2629
2629
2629
2629
2629
2629
2629
2629
2629
2629
2629
2629
2629
2631
2631
2634
2634
2635
2635
2635
2635
2636
2636
2637
2637
2638
2638
2638
2640
2640
2642
2642
2643
2643
2643
2643
2646
2646
2647
2647
2649
2649
2649
2650
2650
2651
2651
2652
2652
2653
2653
2653
2653
2653
2655
2655
2655
2655
2655
2655
2655
2655
2657
2657
2657
2659
2659
2661
2661
2661
2661
2661
2662
2662
2664
2664
2664
2665
2665
2665
2667
2667
2667
2667
2671
2671
2671
2672
2672
2673
2673
2675
2675
2676
2676
2676
2676
2677
2677
2677
2677
2677
2677
2677
2677
2677
2677
2677
2679
2679
2680
2680
2680
2681
2681
2682
2682
2682
2683
2683
2683
2684
2684
2685
2685
2686
2686
2690
2690
2692
2692
2693
2693
2694
2694
2694
2694
2694
2694
2694
2694
2694
2694
2694
2694
2694
2694
2694
2694
2694
2694
2694
2694
2694
2694
2694
2694
2694
2694
2694
2694
2694
2694
2694
2694
2694
2694
2694
2694
2694
2694
2694
2694
2694
2694
2694
2694
2694
2694
2694
2694
2694
2694
2694
2694
2694
2694
2694
2694
2694
2694
2694
2694
2694
2694
2694
2694
2694
2694
2694
2694
2694
2694
2694
2694
2694
2694
2694
2694
2694
2694
2694
2694
2694
2694
2694
2694
2694
2694
2694
2694
2694
2694
2694
2694
2694
2694
2694
2694
2694
2694
2694
2694
2694
2694
2694
2694
2694
2694
2694
2694
2694
2694
2694
2694
2694
2694
2694
2694
2694
2694
2694
2694
2695
2695
2696
2696
2696
2698
2698
2700
2700
2701
2701
2702
2702
2702
2703
2703
2703
2703
2703
2704
2704
2705
2705
2706
2706
2708
2708
2709
2709
2711
2711
2712
2712
2715
2715
2715
2715
2715
2715
2715
2715
2715
2717
2717
2717
2717
2717
2717
2717
2717
2717
2717
2717
2717
2717
2717
2719
2719
2719
2719
2719
2719
2720
2720
2720
2721
2721
2721
2721
2721
2721
2721
2721
2721
2721
2721
2721
2724
2724
2725
2725
2726
2726
2730
2730
2731
2731
2731
2732
2732
2733
2733
2734
2734
2735
2735
2735
2736
2736
2737
2737
2740
2740
2741
2741
2742
2742
2742
2743
2743
2743
2743
2743
2744
2744
2746
2746
2747
2747
2748
2748
2750
2750
2750
2752
2752
2752
2754
2754
2759
2759
2760
2760
2760
2761
2761
2761
2761
2762
2762
2762
2764
2764
2766
2766
2767
2767
2770
2770
2771
2771
2772
2772
2772
2772
2772
2772
2772
2772
2773
2773
2775
2775
2775
2775
2776
2776
2777
2777
2777
2778
2778
2778
2778
2778
2779
2779
2781
2781
2781
2781
2781
2782
2782
2783
2783
2783
2785
2785
2786
2786
2786
2786
2786
2787
2787
2787
2787
2787
2787
2787
2787
2787
2788
2788
2789
2789
2790
2790
2792
2792
2793
2793
2793
2793
2793
2793
2794
2794
2796
2796
2797
2797
2797
2798
2798
2800
2800
2801
2801
2801
2802
2802
2803
2803
2803
2803
2803
2804
2804
2807
2807
2808
2808
2810
2810
2810
2812
2812
2812
2817
2817
2817
2819
2819
2820
2820
2820
2821
2821
2821
2821
2821
2822
2822
2823
2823
2823
2824
2824
2825
2825
2825
2826
2826
2829
2829
2830
2830
2830
2832
2832
2832
2832
2832
2832
2832
2832
2832
2832
2832
2832
2832
2832
2832
2832
2832
2832
2832
2832
2832
2833
2833
2834
2834
2834
2835
2835
2836
2836
2842
2842
2843
2843
2845
2845
2847
2847
2848
2848
2849
2849
2849
2850
2850
2851
2851
2853
2853
2853
2853
2856
2856
2856
2857
2857
2857
2858
2858
2859
2859
2865
2865
2866
2866
2866
2866
2867
2867
2867
2867
2867
2869
2869
2871
2871
2871
2872
2872
2872
2872
2873
2873
2874
2874
2875
2875
2876
2876
2876
2876
2876
2878
2878
2878
2878
2878
2878
2878
2878
2878
2878
2879
2879
2879
2879
2884
2884
2884
2885
2885
2885
2886
2886
2886
2887
2887
2888
2888
2889
2889
2893
2893
2893
2893
2896
2896
2897
2897
2897
2898
2898
2898
2898
2898
2898
2898
2898
2898
2898
2898
2898
2898
2898
2898
2898
2898
2898
2898
2898
2898
2899
2899
2900
2900
2901
2901
2901
2901
2901
2901
2902
2902
2903
2903
2905
2905
2907
2907
2907
2908
2908
2908
2908
2908
2908
2908
2909
2909
2910
2910
2910
2912
2912
2912
2912
2912
2912
2912
2913
2913
2913
2913
2913
2913
2913
2913
2913
2913
2913
2914
2914
2915
2915
2915
2915
2915
2915
2915
2916
2916
2917
2917
2919
2919
2919
2919
2919
2919
2919
2919
2919
2919
2919
2919
2919
2919
2919
2919
2919
2919
2919
2923
2923
2925
2925
2925
2926
2926
2928
2928
2929
2929
2930
2930
2930
2930
2930
2930
2930
2930
2930
2932
2932
2932
2932
2932
2932
2932
2934
2934
2935
2935
2936
2936
2936
2936
2936
2936
2936
2937
2937
2937
2938
2938
2938
2939
2939
2941
2941
2941
2941
2941
2942
2942
2942
2946
2946
2946
2946
2946
2947
2947
2948
2948
2949
2949
2951
2951
2951
2951
2951
2951
2952
2952
2953
2953
2954
2954
2956
2956
2958
2958
2958
2958
2959
2959
2960
2960
2961
2961
2962
2962
2962
2963
2963
2965
2965
2967
2967
2967
2967
2967
2968
2968
2969
2969
2969
2969
2969
2970
2970
2970
2972
2972
2972
2973
2973
2975
2975
2977
2977
2978
2978
2979
2979
2980
2980
2982
2982
2982
2982
2982
2982
2983
2983
2984
2984
2987
2987
2987
2988
2988
2989
2989
2989
2990
2990
2991
2991
2991
2991
2991
2991
2991
2991
2991
2991
2991
2991
2991
2991
2991
2991
2991
2991
2991
2991
2991
2991
2991
2991
2991
2991
2991
2991
2991
2991
2991
2991
2991
2991
2991
2991
2994
2994
2994
2994
2994
2996
2996
2996
2998
2998
2999
2999
3000
3000
3002
3002
3003
3003
3004
3004
3005
3005
3007
3007
3007
3007
3008
3008
3009
3009
3010
3010
3010
3010
3012
3012
3012
3016
3016
3017
3017
3018
3018
3018
3018
3020
3020
3020
3020
3020
3020
3020
3020
3022
3022
3022
3022
3024
3024
3025
3025
3027
3027
3029
3029
3031
3031
3031
3034
3034
3034
3034
3034
3035
3035
3035
3036
3036
3037
3037
3038
3038
3038
3038
3038
3039
3039
3040
3040
3043
3043
3044
3044
3044
3044
3049
3049
3050
3050
3050
3050
3050
3051
3051
3052
3052
3055
3055
3058
3058
3060
3060
3061
3061
3061
3061
3063
3063
3063
3063
3063
3063
3063
3063
3063
3063
3063
3063
3063
3063
3063
3063
3063
3067
3067
3069
3069
3071
3071
3073
3073
3074
3074
3075
3075
3076
3076
3079
3079
3079
3080
3080
3081
3081
3082
3082
3082
3082
3082
3082
3082
3082
3082
3082
3082
3082
3082
3082
3082
3082
3082
3082
3082
3082
3082
3082
3082
3082
3082
3082
3082
3082
3082
3082
3082
3082
3083
3083
3083
3083
3085
3085
3086
3086
3086
3086
3086
3086
3086
3087
3087
3089
3089
3089
3090
3090
3090
3090
3090
3092
3092
3092
3092
3092
3092
3092
3093
3093
3094
3094
3094
3095
3095
3096
3096
3098
3098
3098
3100
3100
3101
3101
3103
3103
3105
3105
3105
3106
3106
3107
3107
3109
3109
3110
3110
3111
3111
3115
3115
3115
3115
3115
3115
3117
3117
3118
3118
3119
3119
3119
3120
3120
3122
3122
3123
3123
3125
3125
3126
3126
3127
3127
3127
3127
3127
3128
3128
3128
3129
3129
3129
3130
3130
3130
3130
3131
3131
3131
3132
3132
3133
3133
3135
3135
3135
3135
3135
3135
3136
3136
3137
3137
3138
3138
3138
3138
3138
3138
3138
3138
3140
3140
3141
3141
3141
3142
3142
3142
3143
3143
3144
3144
3145
3145
3145
3147
3147
3149
3149
3149
3149
3149
3149
3149
3149
3149
3149
3149
3149
3149
3149
3149
3150
3150
3151
3151
3152
3152
3153
3153
3154
3154
3154
3154
3155
3155
3158
3158
3158
3158
3158
3158
3159
3159
3160
3160
3162
3162
3163
3163
3165
3165
3165
3166
3166
3166
3167
3167
3167
3168
3168
3168
3170
3170
3171
3171
3172
3172
3173
3173
3174
3174
3174
3176
3176
3178
3178
3178
3179
3179
3179
3179
3182
3182
3183
3183
3186
3186
3186
3186
3186
3188
3188
3188
3188
3188
3189
3189
3190
3190
3192
3192
3193
3193
3193
3195
3195
3197
3197
3199
3199
3199
3200
3200
3200
3200
3200
3200
3201
3201
3202
3202
3202
3203
3203
3204
3204
3207
3207
3209
3209
3210
3210
3213
3213
3215
3215
3216
3216
3216
3217
3217
3217
3217
3218
3218
3219
3219
3219
3220
3220
3221
3221
3222
3222
3223
3223
3223
3224
3224
3225
3225
3226
3226
3228
3228
3231
3231
3232
3232
3234
3234
3235
3235
3237
3237
3237
3237
3237
3237
3237
3240
3240
3241
3241
3242
3242
3243
3243
3244
3244
3244
3244
3246
3246
3246
3248
3248
3248
3249
3249
3250
3250
3251
3251
3252
3252
3252
3252
3252
3253
3253
3253
3255
3255
3255
3255
3255
3255
3256
3256
3256
3258
3258
3258
3259
3259
3259
3260
3260
3261
3261
3262
3262
3263
3263
3264
3264
3267
3267
3268
3268
3268
3268
3268
3268
3268
3268
3269
3269
3270
3270
3270
3273
3273
3275
3275
3278
3278
3278
3278
3278
3278
3278
3280
3280
3281
3281
3282
3282
3283
3283
3284
3284
3285
3285
3286
3286
3288
3288
3290
3290
3292
3292
3293
3293
3293
3294
3294
3294
3296
3296
3296
3296
3297
3297
3297
3298
3298
3298
3298
3298
3301
3301
3302
3302
3302
3302
3302
3302
3302
3302
3302
3303
3303
3303
3303
3303
3303
3303
3303
3303
3303
3303
3303
3304
3304
3304
3304
3306
3306
3308
3308
3309
3309
3310
3310
3310
3310
3310
3312
3312
3312
3312
3312
3312
3312
3313
3313
3314
3314
3314
3317
3317
3318
3318
3319
3319
3320
3320
3321
3321
3321
3321
3323
3323
3323
3323
3325
3325
3327
3327
3328
3328
3330
3330
3330
3330
3330
3330
3330
3330
3330
3330
3330
3330
3330
3330
3330
3330
3330
3330
3330
3330
3330
3330
3330
3330
3330
3330
3330
3330
3330
3330
3330
3330
3330
3330
3330
3330
3330
3330
3330
3330
3330
3330
3330
3330
3330
3330
3330
3330
3330
3330
3330
3330
3330
3330
3330
3330
3330
3330
3330
3330
3330
3330
3333
3333
3334
3334
3335
3335
3336
3336
3336
3338
3338
3338
3338
3338
3340
3340
3342
3342
3342
3345
3345
3346
3346
3348
3348
3348
3349
3349
3349
3349
3351
3351
3352
3352
3353
3353
3353
3353
3353
3353
3353
3353
3353
3353
3353
3353
3353
3353
3353
3354
3354
3355
3355
3356
3356
3356
3358
3358
3358
3360
3360
3361
3361
3361
3361
3361
3361
3361
3362
3362
3362
3362
3363
3363
3363
3363
3365
3365
3367
3367
3367
3369
3369
3370
3370
3370
3370
3370
3370
3370
3370
3370
3370
3370
3371
3371
3374
3374
3374
3374
3374
3374
3374
3374
3375
3375
3376
3376
3377
3377
3377
3377
3377
3378
3378
3378
3378
3382
3382
3385
3385
3387
3387
3387
3388
3388
3388
3388
3388
3388
3388
3388
3389
3389
3389
3392
3392
3393
3393
3394
3394
3395
3395
3395
3395
3395
3396
3396
3398
3398
3400
3400
3400
3403
3403
3403
3406
3406
3407
3407
3408
3408
3409
3409
3410
3410
3413
3413
3414
3414
3417
3417
3422
3422
3423
3423
3423
3423
3425
3425
3425
3425
3426
3426
3426
3426
3426
3428
3428
3429
3429
3429
3429
3429
3430
3430
3430
3430
3431
3431
3431
3432
3432
3434
3434
3434
3434
3434
3435
3435
3437
3437
3441
3441
3443
3443
3443
3444
3444
3447
3447
3447
3450
3450
3451
3451
3452
3452
3452
3453
3453
3453
3454
3454
3454
3456
3456
3456
3456
3457
3457
3458
3458
3459
3459
3459
3459
3459
3459
3459
3459
3459
3459
3459
3459
3460
3460
3460
3461
3461
3464
3464
3465
3465
3466
3466
3466
3466
3467
3467
3467
3469
3469
3469
3469
3471
3471
3471
3472
3472
3473
3473
3474
3474
3475
3475
3477
3477
3477
3478
3478
3478
3480
3480
3480
3481
3481
3484
3484
3485
3485
3486
3486
3487
3487
3487
3488
3488
3488
3489
3489
3491
3491
3492
3492
3492
3496
3496
3498
3498
3499
3499
3499
3499
3499
3502
3502
3506
3506
3507
3507
3507
3508
3508
3508
3509
3509
3509
3509
3509
3509
3509
3509
3509
3509
3509
3509
3509
3509
3509
3509
3509
3509
3509
3509
3509
3509
3509
3509
3509
3509
3509
3509
3509
3509
3509
3510
3510
3513
3513
3515
3515
3518
3518
3519
3519
3519
3519
3519
3519
3520
3520
3520
3520
3523
3523
3525
3525
3527
3527
3527
3527
3530
3530
3532
3532
3532
3532
3532
3533
3533
3535
3535
3538
3538
3543
3543
3543
3543
3543
3543
3544
3544
3545
3545
3546
3546
3546
3547
3547
3547
3548
3548
3553
3553
3555
3555
3555
3556
3556
3556
3557
3557
3558
3558
3559
3559
3564
3564
3565
3565
3566
3566
3567
3567
3568
3568
3568
3568
3568
3569
3569
3570
3570
3571
3571
3572
3572
3573
3573
3573
3573
3573
3573
3573
3575
3575
3576
3576
3577
3577
3577
3578
3578
3579
3579
3579
3581
3581
3583
3583
3587
3587
3587
3587
3587
3588
3588
3588
3588
3589
3589
3591
3591
3591
3592
3592
3592
3594
3594
3594
3597
3597
3597
3597
3597
3598
3598
3599
3599
3599
3601
3601
3602
3602
3604
3604
3604
3605
3605
3606
3606
3607
3607
3608
3608
3609
3609
3609
3610
3610
3611
3611
3612
3612
3613
3613
3613
3614
3614
3616
3616
3616
3618
3618
3618
3620
3620
3620
3620
3620
3620
3621
3621
3623
3623
3626
3626
3628
3628
3630
3630
3630
3632
3632
3632
3632
3633
3633
3633
3634
3634
3634
3635
3635
3635
3635
3635
3636
3636
3638
3638
3638
3639
3639
3639
3639
3640
3640
3641
3641
3642
3642
3644
3644
3644
3644
3644
3645
3645
3645
3647
3647
3648
3648
3648
3648
3648
3648
3648
3648
3648
3648
3648
3648
3648
3649
3649
3651
3651
3653
3653
3653
3653
3655
3655
3655
3658
3658
3658
3659
3659
3659
3661
3661
3661
3661
3661
3661
3661
3662
3662
3663
3663
3663
3663
3664
3664
3666
3666
3669
3669
3669
3669
3670
3670
3672
3672
3673
3673
3673
3673
3674
3674
3676
3676
3679
3679
3680
3680
3680
3680
3680
3680
3680
3681
3681
3681
3681
3681
3681
3682
3682
3682
3683
3683
3684
3684
3686
3686
3686
3688
3688
3688
3688
3688
3688
3689
3689
3689
3689
3692
3692
3694
3694
3694
3696
3696
3697
3697
3698
3698
3700
3700
3701
3701
3701
3701
3701
3701
3701
3701
3701
3702
3702
3702
3703
3703
3704
3704
3704
3706
3706
3707
3707
3707
3707
3707
3708
3708
3709
3709
3709
3709
3709
3709
3709
3709
3709
3709
3709
3710
3710
3713
3713
3713
3714
3714
3715
3715
3716
3716
3716
3716
3717
3717
3718
3718
3718
3720
3720
3722
3722
3724
3724
3725
3725
3725
3725
3725
3725
3725
3725
3728
3728
3732
3732
3733
3733
3734
3734
3735
3735
3735
3735
3735
3735
3735
3738
3738
3739
3739
3740
3740
3741
3741
3741
3743
3743
3743
3745
3745
3745
3747
3747
3747
3747
3747
3747
3747
3747
3748
3748
3749
3749
3749
3750
3750
3752
3752
3754
3754
3755
3755
3756
3756
3758
3758
3759
3759
3760
3760
3760
3760
3760
3760
3760
3760
3760
3760
3760
3760
3760
3760
3760
3760
3760
3760
3760
3761
3761
3763
3763
3765
3765
3767
3767
3768
3768
3770
3770
3770
3773
3773
3774
3774
3775
3775
3775
3776
3776
3776
3776
3777
3777
3778
3778
3778
3780
3780
3781
3781
3781
3782
3782
3782
3782
3782
3783
3783
3786
3786
3787
3787
3787
3787
3787
3787
3787
3787
3789
3789
3789
3792
3792
3792
3792
3792
3792
3792
3792
3792
3792
3792
3792
3794
3794
3797
3797
3797
3798
3798
3800
3800
3800
3802
3802
3804
3804
3805
3805
3806
3806
3807
3807
3810
3810
3815
3815
3816
3816
3816
3817
3817
3817
3820
3820
3821
3821
3823
3823
3825
3825
3826
3826
3826
3827
3827
3829
3829
3830
3830
3830
3832
3832
3832
3833
3833
3833
3833
3833
3833
3834
3834
3835
3835
3835
3836
3836
3837
3837
3838
3838
3839
3839
3839
3840
3840
3841
3841
3841
3841
3841
3842
3842
3842
3842
3845
3845
3845
3846
3846
3848
3848
3848
3848
3849
3849
3849
3849
3850
3850
3851
3851
3852
3852
3853
3853
3856
3856
3857
3857
3857
3858
3858
3858
3858
3859
3859
3860
3860
3860
3862
3862
3862
3864
3864
3864
3864
3864
3864
3864
3864
3864
3864
3864
3864
3864
3864
3864
3864
3864
3864
3864
3864
3864
3864
3864
3864
3864
3864
3864
3864
3864
3864
3864
3864
3864
3864
3864
3864
3864
3864
3864
3864
3864
3864
3864
3864
3864
3864
3864
3864
3864
3864
3864
3864
3864
3864
3864
3864
3864
3864
3864
3864
3864
3864
3864
3864
3864
3864
3864
3864
3864
3864
3864
3864
3864
3864
3864
3864
3864
3864
3864
3864
3864
3864
3864
3864
3864
3864
3864
3864
3865
3865
3865
3866
3866
3867
3867
3868
3868
3869
3869
3869
3869
3869
3869
3869
3869
3869
3871
3871
3872
3872
3873
3873
3873
3873
3874
3874
3874
3874
3874
3874
3874
3874
3874
3874
3874
3875
3875
3875
3875
3875
3875
3876
3876
3880
3880
3880
3882
3882
3883
3883
3884
3884
3885
3885
3885
3885
3885
3885
3885
3885
3886
3886
3886
3886
3886
3886
3886
3886
3886
3886
3886
3886
3886
3886
3886
3886
3886
3886
3886
3886
3886
3886
3886
3886
3886
3886
3886
3886
3886
3886
3886
3887
3887
3888
3888
3890
3890
3892
3892
3894
3894
3894
3895
3895
3896
3896
3897
3897
3898
3898
3898
3898
3898
3900
3900
3901
3901
3902
3902
3903
3903
3904
3904
3906
3906
3907
3907
3907
3909
3909
3910
3910
3911
3911
3912
3912
3912
3912
3912
3913
3913
3914
3914
3914
3914
3914
3914
3914
3914
3914
3914
3914
3914
3914
3915
3915
3915
3918
3918
3918
3918
3918
3918
3920
3920
3921
3921
3923
3923
3923
3924
3924
3924
3924
3924
3924
3924
3924
3924
3924
3924
3924
3924
3924
3924
3924
3924
3924
3924
3924
3924
3924
3924
3924
3924
3924
3925
3925
3925
3925
3928
3928
3929
3929
3934
3934
3936
3936
3936
3936
3937
3937
3938
3938
3939
3939
3943
3943
3945
3945
3945
3946
3946
3947
3947
3948
3948
3948
3948
3948
3948
3948
3948
3948
3948
3948
3948
3952
3952
3953
3953
3955
3955
3955
3955
3956
3956
3956
3956
3957
3957
3957
3959
3959
3959
3960
3960
3961
3961
3961
3962
3962
3962
3962
3964
3964
3965
3965
3965
3965
3965
3968
3968
3969
3969
3971
3971
3971
3971
3973
3973
3974
3974
3976
3976
3979
3979
3980
3980
3980
3980
3980
3980
3980
3980
3980
3982
3982
3983
3983
3984
3984
3986
3986
3989
3989
3990
3990
3992
3992
3992
3992
3992
3992
3992
3992
3992
3992
3992
3992
3992
3992
3992
3992
3992
3992
3992
3992
3992
3992
3992
3993
3993
3994
3994
3994
3994
3994
3994
3996
3996
3997
3997
3998
3998
3999
3999
4000
4000
4000
4000
4000
4003
4003
4004
4004
4005
4005
4006
4006
4006
4007
4007
4007
4007
4007
4007
4007
4008
4008
4009
4009
4009
4012
4012
4014
4014
4016
4016
4017
4017
4017
4017
4018
4018
4018
4018
4018
4019
4019
4023
4023
4023
4025
4025
4025
4026
4026
4026
4026
4029
4029
4029
4029
4030
4030
4030
4030
4031
4031
4031
4031
4032
4032
4032
4032
4032
4033
4033
4034
4034
4035
4035
4036
4036
4037
4037
4038
4038
4038
4038
4039
4039
4039
4040
4040
4041
4041
4042
4042
4045
4045
4046
4046
4049
4049
4052
4052
4053
4053
4053
4053
4054
4054
4055
4055
4055
4056
4056
4056
4056
4056
4058
4058
4060
4060
4064
4064
4067
4067
4072
4072
4072
4075
4075
4077
4077
4079
4079
4079
4080
4080
4080
4080
4081
4081
4082
4082
4083
4083
4084
4084
4084
4084
4085
4085
4086
4086
4087
4087
4088
4088
4089
4089
4091
4091
4091
4093
4093
4093
4093
4093
4094
4094
4094
4096
4096
4097
4097
4098
4098
4098
4098
4098
4100
4100
4101
4101
4102
4102
4102
4102
4102
4102
4102
4102
4102
4102
4102
4102
4102
4102
4102
4102
4102
4102
4102
4102
4102
4102
4102
4102
4102
4102
4102
4102
4102
4102
4102
4102
4102
4102
4102
4102
4102
4102
4102
4102
4102
4102
4102
4102
4102
4102
4102
4102
4102
4102
4102
4102
4102
4102
4102
4102
4102
4102
4102
4102
4102
4102
4102
4102
4102
4102
4102
4102
4103
4103
4106
4106
4106
4106
4106
4108
4108
4109
4109
4109
4110
4110
4111
4111
4111
4112
4112
4112
4113
4113
4114
4114
4114
4114
4114
4114
4114
4114
4114
4114
4114
4114
4114
4114
4114
4114
4115
4115
4115
4117
4117
4117
4117
4117
4118
4118
4118
4119
4119
4119
4119
4119
4120
4120
4120
4121
4121
4121
4121
4122
4122
4123
4123
4123
4124
4124
4128
4128
4129
4129
4130
4130
4130
4132
4132
4135
4135
4137
4137
4138
4138
4139
4139
4140
4140
4142
4142
4143
4143
4144
4144
4145
4145
4147
4147
4148
4148
4148
4150
4150
4151
4151
4152
4152
4153
4153
4155
4155
4156
4156
4157
4157
4158
4158
4160
4160
4160
4161
4161
4163
4163
4164
4164
4164
4165
4165
4166
4166
4167
4167
4168
4168
4170
4170
4170
4170
4172
4172
4172
4174
4174
4175
4175
4176
4176
4178
4178
4178
4180
4180
4180
4181
4181
4182
4182
4185
4185
4185
4186
4186
4190
4190
4192
4192
4192
4197
4197
4198
4198
4198
4199
4199
4199
4199
4201
4201
4203
4203
4205
4205
4209
4209
4209
4209
4210
4210
4211
4211
4214
4214
4214
4214
4216
4216
4219
4219
4219
4223
4223
4225
4225
4226
4226
4227
4227
4229
4229
4231
4231
4232
4232
4234
4234
4235
4235
4236
4236
4236
4236
4237
4237
4238
4238
4238
4238
4238
4238
4238
4238
4238
4238
4238
4238
4238
4238
4239
4239
4239
4240
4240
4240
4242
4242
4244
4244
4245
4245
4246
4246
4246
4246
4248
4248
4248
4251
4251
4251
4251
4254
4254
4260
4260
4261
4261
4262
4262
4262
4262
4262
4264
4264
4266
4266
4267
4267
4269
4269
4273
4273
4274
4274
4275
4275
4275
4275
4275
4276
4276
4276
4277
4277
4279
4279
4279
4280
4280
4280
4280
4280
4281
4281
4281
4282
4282
4283
4283
4283
4284
4284
4288
4288
4289
4289
4290
4290
4290
4291
4291
4291
4292
4292
4293
4293
4293
4293
4293
4293
4293
4294
4294
4294
4298
4298
4298
4298
4298
4298
4298
4298
4298
4298
4299
4299
4300
4300
4304
4304
4305
4305
4306
4306
4307
4307
4307
4307
4308
4308
4311
4311
4312
4312
4313
4313
4313
4313
4313
4314
4314
4315
4315
4316
4316
4316
4316
4316
4316
4316
4316
4316
4316
4316
4316
4316
4316
4316
4316
4316
4316
4320
4320
4320
4320
4320
4321
4321
4323
4323
4325
4325
4327
4327
4329
4329
4329
4329
4330
4330
4330
4331
4331
4331
4332
4332
4332
4334
4334
4335
4335
4336
4336
4336
4336
4336
4336
4337
4337
4337
4338
4338
4338
4338
4338
4340
4340
4341
4341
4342
4342
4342
4344
4344
4344
4344
4345
4345
4346
4346
4347
4347
4347
4348
4348
4351
4351
4351
4355
4355
4355
4355
4355
4355
4355
4355
4356
4356
4358
4358
4358
4358
4358
4361
4361
4362
4362
4363
4363
4363
4363
4365
4365
4365
4366
4366
4366
4366
4368
4368
4369
4369
4369
4371
4371
4374
4374
4374
4374
4374
4374
4374
4374
4374
4374
4376
4376
4377
4377
4377
4377
4377
4378
4378
4379
4379
4379
4379
4381
4381
4382
4382
4382
4385
4385
4388
4388
4388
4389
4389
4389
4390
4390
4391
4391
4392
4392
4392
4392
4392
4392
4392
4392
4392
4392
4392
4392
4393
4393
4396
4396
4399
4399
4399
4399
4399
4400
4400
4401
4401
4401
4401
4402
4402
4403
4403
4404
4404
4404
4404
4405
4405
4406
4406
4406
4407
4407
4407
4408
4408
4408
4409
4409
4409
4409
4411
4411
4411
4411
4411
4411
4411
4411
4411
4411
4411
4411
4411
4411
4411
4411
4411
4411
4412
4412
4413
4413
4414
4414
4414
4414
4414
4414
4414
4415
4415
4416
4416
4417
4417
4418
4418
4418
4418
4418
4418
4418
4419
4419
4419
4419
4419
4421
4421
4421
4422
4422
4423
4423
4423
4423
4423
4424
4424
4427
4427
4429
4429
4432
4432
4432
4432
4432
4433
4433
4433
4433
4434
4434
4434
4434
4434
4434
4434
4435
4435
4436
4436
4438
4438
4439
4439
4443
4443
4443
4443
4443
4443
4443
4443
4443
4443
4443
4444
4444
4445
4445
4448
4448
4448
4448
4448
4448
4451
4451
4451
4451
4451
4451
4451
4451
4451
4451
4451
4451
4452
4452
4452
4452
4452
4459
4459
4459
4460
4460
4461
4461
4462
4462
4463
4463
4464
4464
4464
4465
4465
4465
4465
4465
4465
4465
4466
4466
4467
4467
4468
4468
4468
4468
4469
4469
4470
4470
4471
4471
4471
4471
4471
4472
4472
4473
4473
4473
4473
4473
4473
4473
4474
4474
4475
4475
4478
4478
4479
4479
4480
4480
4481
4481
4481
4482
4482
4483
4483
4483
4483
4484
4484
4487
4487
4488
4488
4490
4490
4491
4491
4491
4492
4492
4492
4495
4495
4495
4495
4495
4495
4496
4496
4497
4497
4498
4498
4500
4500
4503
4503
4503
4503
4505
4505
4505
4507
4507
4507
4509
4509
4509
4509
4509
4510
4510
4510
4510
4510
4511
4511
4512
4512
4515
4515
4516
4516
4520
4520
4521
4521
4521
4522
4522
4522
4522
4523
4523
4523
4523
4523
4523
4524
4524
4524
4524
4524
4524
4524
4527
4527
4528
4528
4529
4529
4529
4531
4531
4531
4532
4532
4533
4533
4534
4534
4534
4535
4535
4537
4537
4539
4539
4540
4540
4540
4542
4542
4542
4542
4543
4543
4545
4545
4545
4546
4546
4546
4547
4547
4548
4548
4549
4549
4550
4550
4553
4553
4553
4553
4553
4553
4554
4554
4557
4557
4558
4558
4560
4560
4563
4563
4564
4564
4568
4568
4569
4569
4572
4572
4573
4573
4576
4576
4577
4577
4578
4578
4579
4579
4580
4580
4580
4580
4581
4581
4581
4581
4581
4581
4581
4581
4582
4582
4584
4584
4585
4585
4586
4586
4587
4587
4589
4589
4590
4590
4590
4591
4591
4594
4594
4594
4594
4595
4595
4595
4596
4596
4599
4599
4602
4602
4603
4603
4604
4604
4606
4606
4607
4607
4608
4608
4609
4609
4609
4610
4610
4611
4611
4612
4612
4612
4612
4614
4614
4614
4614
4615
4615
4618
4618
4618
4618
4619
4619
4620
4620
4620
4622
4622
4623
4623
4623
4624
4624
4624
4625
4625
4625
4625
4627
4627
4627
4628
4628
4630
4630
4630
4630
4630
4630
4630
4631
4631
4633
4633
4633
4635
4635
4635
4636
4636
4636
4636
4637
4637
4640
4640
4640
4641
4641
4641
4644
4644
4646
4646
4647
4647
4648
4648
4649
4649
4649
4649
4649
4649
4649
4649
4649
4649
4649
4649
4651
4651
4655
4655
4655
4656
4656
4656
4657
4657
4664
4664
4665
4665
4666
4666
4667
4667
4669
4669
4669
4670
4670
4670
4670
4670
4670
4670
4673
4673
4679
4679
4680
4680
4680
4684
4684
4684
4684
4684
4684
4684
4684
4685
4685
4686
4686
4687
4687
4687
4691
4691
4692
4692
4693
4693
4694
4694
4695
4695
4695
4695
4696
4696
4696
4697
4697
4698
4698
4700
4700
4700
4701
4701
4705
4705
4705
4706
4706
4707
4707
4709
4709
4712
4712
4713
4713
4713
4713
4713
4714
4714
4714
4715
4715
4715
4716
4716
4716
4719
4719
4719
4719
4719
4719
4721
4721
4721
4721
4721
4722
4722
4724
4724
4726
4726
4726
4729
4729
4731
4731
4731
4732
4732
4734
4734
4738
4738
4740
4740
4743
4743
4744
4744
4744
4744
4745
4745
4745
4746
4746
4746
4746
4746
4746
4746
4746
4746
4746
4746
4746
4746
4746
4749
4749
4751
4751
4752
4752
4752
4753
4753
4756
4756
4758
4758
4758
4760
4760
4761
4761
4761
4762
4762
4763
4763
4764
4764
4765
4765
4765
4765
4765
4765
4767
4767
4769
4769
4770
4770
4770
4771
4771
4773
4773
4773
4774
4774
4776
4776
4777
4777
4778
4778
4778
4778
4778
4779
4779
4779
4780
4780
4781
4781
4781
4781
4784
4784
4785
4785
4785
4786
4786
4787
4787
4787
4787
4787
4787
4787
4787
4787
4787
4787
4787
4787
4787
4787
4787
4787
4787
4787
4787
4787
4787
4787
4787
4787
4787
4787
4787
4787
4787
4787
4787
4787
4787
4787
4787
4787
4787
4787
4787
4788
4788
4789
4789
4790
4790
4792
4792
4794
4794
4794
4795
4795
4795
4796
4796
4797
4797
4798
4798
4801
4801
4801
4801
4802
4802
4803
4803
4803
4803
4803
4804
4804
4805
4805
4805
4805
4807
4807
4808
4808
4808
4809
4809
4809
4810
4810
4810
4810
4811
4811
4813
4813
4815
4815
4816
4816
4816
4818
4818
4819
4819
4819
4819
4819
4819
4819
4819
4819
4819
4819
4819
4819
4819
4819
4819
4819
4819
4819
4819
4819
4819
4819
4819
4819
4819
4819
4819
4819
4819
4819
4819
4819
4819
4819
4819
4819
4819
4819
4819
4819
4819
4819
4819
4819
4819
4819
4819
4819
4819
4819
4819
4819
4819
4819
4819
4819
4819
4819
4819
4819
4819
4819
4819
4819
4819
4821
4821
4821
4821
4821
4821
4821
4821
4821
4822
4822
4822
4822
4822
4822
4822
4823
4823
4824
4824
4824
4824
4824
4824
4824
4824
4824
4824
4824
4824
4824
4824
4826
4826
4826
4827
4827
4828
4828
4830
4830
4830
4830
4830
4830
4831
4831
4831
4832
4832
4832
4833
4833
4834
4834
4834
4836
4836
4837
4837
4838
4838
4839
4839
4839
4841
4841
4842
4842
4843
4843
4843
4843
4844
4844
4844
4844
4844
4844
4844
4845
4845
4847
4847
4847
4847
4847
4847
4850
4850
4851
4851
4852
4852
4852
4853
4853
4855
4855
4856
4856
4856
4856
4856
4856
4857
4857
4857
4860
4860
4860
4860
4860
4860
4860
4860
4860
4861
4861
4861
4861
4863
4863
4866
4866
4866
4866
4866
4868
4868
4870
4870
4871
4871
4873
4873
4875
4875
4875
4875
4875
4875
4876
4876
4876
4877
4877
4878
4878
4879
4879
4879
4880
4880
4881
4881
4882
4882
4884
4884
4885
4885
4885
4885
4885
4889
4889
4893
4893
4894
4894
4896
4896
4897
4897
4898
4898
4901
4901
4902
4902
4902
4903
4903
4903
4904
4904
4905
4905
4905
4907
4907
4907
4907
4907
4907
4907
4907
4909
4909
4911
4911
4911
4912
4912
4912
4912
4912
4912
4913
4913
4913
4917
4917
4918
4918
4919
4919
4919
4920
4920
4921
4921
4922
4922
4922
4922
4922
4922
4922
4926
4926
4928
4928
4929
4929
4929
4929
4933
4933
4934
4934
4935
4935
4935
4935
4935
4936
4936
4936
4938
4938
4939
4939
4941
4941
4941
4941
4941
4942
4942
4942
4943
4943
4944
4944
4944
4945
4945
4945
4945
4945
4945
4945
4945
4945
4945
4945
4945
4946
4946
4947
4947
4947
4947
4949
4949
4950
4950
4953
4953
4954
4954
4955
4955
4955
4956
4956
4956
4956
4956
4958
4958
4958
4958
4958
4958
4958
4958
4958
4958
4958
4958
4958
4959
4959
4960
4960
4960
4962
4962
4964
4964
4964
4965
4965
4965
4965
4965
4965
4965
4965
4965
4965
4965
4965
4965
4965
4967
4967
4967
4969
4969
4969
4969
4969
4969
4969
4970
4970
4972
4972
4974
4974
4975
4975
4975
4975
4975
4977
4977
4977
4977
4978
4978
4978
4978
4978
4978
4978
4978
4978
4978
4978
4978
4978
4978
4978
4978
4978
4978
4978
4978
4978
4978
4978
4978
4978
4978
4978
4978
4978
4978
4978
4978
4978
4978
4978
4978
4978
4978
4978
4978
4978
4978
4978
4978
4978
4978
4978
4978
4978
4978
4978
4978
4978
4978
4978
4978
4978
4978
4978
4978
4978
4978
4978
4979
4979
4979
4981
4981
4982
4982
4983
4983
4983
4984
4984
4984
4984
4985
4985
4985
4985
4985
4985
4985
4985
4985
4985
4985
4985
4985
4987
4987
4988
4988
4988
4988
4988
4988
4989
4989
4989
4990
4990
4991
4991
4991
4992
4992
4992
4993
4993
4994
4994
4994
4996
4996
4996
4996
4996
4996
4996
4996
4996
4996
4996
4997
4997
4998
4998
4998
4999
4999
5000
5000
5000
5000
5000
5000
5001
5001
5005
5005
5006
5006
5007
5007
5007
5009
5009
5013
5013
5013
5013
5014
5014
5014
5015
5015
5017
5017
5017
5017
5017
5017
5018
5018
5018
5020
5020
5020
5020
5021
5021
5021
5021
5021
5021
5021
5024
5024
5024
5024
5024
5025
5025
5026
5026
5026
5027
5027
5029
5029
5030
5030
5031
5031
5032
5032
5032
5033
5033
5034
5034
5034
5034
5037
5037
5042
5042
5043
5043
5043
5047
5047
5047
5047
5047
5047
5050
5050
5050
5051
5051
5051
5051
5051
5051
5052
5052
5052
5053
5053
5054
5054
5055
5055
5058
5058
5060
5060
5061
5061
5062
5062
5062
5063
5063
5063
5065
5065
5068
5068
5069
5069
5072
5072
5074
5074
5076
5076
5077
5077
5078
5078
5078
5079
5079
5087
5087
5088
5088
5089
5089
5092
5092
5095
5095
5096
5096
5097
5097
5097
5097
5099
5099
5100
5100
5101
5101
5101
5103
5103
5104
5104
5104
5104
5107
5107
5107
5107
5107
5109
5109
5112
5112
5113
5113
5113
5115
5115
5116
5116
5120
5120
5123
5123
5123
5123
5123
5123
5124
5124
5126
5126
5126
5126
5126
5127
5127
5128
5128
5129
5129
5130
5130
5132
5132
5134
5134
5134
5135
5135
5136
5136
5137
5137
5137
5137
5137
5137
5137
5137
5137
5137
5137
5137
5137
5137
5137
5137
5137
5137
5137
5137
5137
5137
5137
5137
5137
5137
5137
5137
5137
5137
5137
5137
5139
5139
5140
5140
5143
5143
5143
5143
5146
5146
5146
5147
5147
5149
5149
5151
5151
5154
5154
5154
5154
5154
5156
5156
5159
5159
5159
5159
5159
5159
5159
5159
5160
5160
5164
5164
5165
5165
5165
5165
5165
5165
5165
5167
5167
5167
5168
5168
5169
5169
5171
5171
5172
5172
5173
5173
5175
5175
5176
5176
5180
5180
5182
5182
5182
5182
5182
5182
5182
5182
5182
5182
5182
5182
5182
5182
5182
5182
5182
5182
5182
5182
5182
5182
5182
5182
5182
5182
5182
5182
5182
5182
5182
5182
5182
5182
5182
5182
5182
5182
5182
5182
5182
5182
5182
5182
5182
5182
5182
5182
5182
5182
5182
5182
5183
5183
5183
5184
5184
5185
5185
5185
5186
5186
5186
5186
5186
5186
5186
5186
5186
5186
5188
5188
5190
5190
5191
5191
5192
5192
5193
5193
5194
5194
5195
5195
5195
5195
5195
5195
5196
5196
5197
5197
5199
5199
5199
5203
5203
5203
5204
5204
5205
5205
5205
5205
5205
5206
5206
5208
5208
5209
5209
5211
5211
5212
5212
5213
5213
5214
5214
5215
5215
5215
5218
5218
5219
5219
5219
5220
5220
5220
5222
5222
5223
5223
5223
5224
5224
5225
5225
5226
5226
5228
5228
5230
5230
5232
5232
5233
5233
5235
5235
5235
5235
5235
5237
5237
5240
5240
5240
5240
5241
5241
5241
5242
5242
5243
5243
5245
5245
5246
5246
5247
5247
5248
5248
5249
5249
5249
5249
5252
5252
5252
5252
5252
5252
5253
5253
5253
5253
5254
5254
5255
5255
5255
5255
5256
5256
5256
5256
5256
5257
5257
5257
5258
5258
5259
5259
5259
5259
5259
5260
5260
5262
5262
5264
5264
5267
5267
5267
5267
5267
5268
5268
5269
5269
5273
5273
5273
5274
5274
5275
5275
5276
5276
5279
5279
5279
5280
5280
5281
5281
5282
5282
5282
5282
5282
5286
5286
5289
5289
5289
5290
5290
5291
5291
5291
5292
5292
5293
5293
5293
5293
5295
5295
5295
5295
5296
5296
5296
5297
5297
5297
5297
5299
5299
5301
5301
5302
5302
5302
5302
5302
5304
5304
5305
5305
5306
5306
5309
5309
5309
5309
5310
5310
5310
5311
5311
5313
5313
5314
5314
5316
5316
5316
5318
5318
5318
5318
5318
5318
5319
5319
5320
5320
5320
5320
5321
5321
5321
5324
5324
5324
5328
5328
5329
5329
5330
5330
5331
5331
5331
5331
5331
5333
5333
5334
5334
5335
5335
5335
5336
5336
5337
5337
5344
5344
5348
5348
5350
5350
5350
5350
5350
5350
5351
5351
5351
5351
5351
5353
5353
5354
5354
5355
5355
5356
5356
5356
5356
5356
5358
5358
5359
5359
5360
5360
5360
5361
5361
5364
5364
5364
5364
5364
5365
5365
5365
5365
5370
5370
5370
5370
5370
5370
5370
5370
5370
5370
5372
5372
5373
5373
5373
5375
5375
5379
5379
5380
5380
5380
5380
5382
5382
5383
5383
5383
5384
5384
5385
5385
5385
5385
5386
5386
5388
5388
5388
5388
5389
5389
5390
5390
5390
5390
5394
5394
5394
5396
5396
5396
5397
5397
5399
5399
5399
5399
5401
5401
5401
5401
5402
5402
5403
5403
5403
5405
5405
5405
5408
5408
5408
5408
5413
5413
5413
5414
5414
5415
5415
5416
5416
5417
5417
5418
5418
5418
5418
5419
5419
5419
5421
5421
5423
5423
5423
5423
5424
5424
5425
5425
5428
5428
5429
5429
5432
5432
5432
5433
5433
5433
5433
5435
5435
5435
5435
5436
5436
5436
5436
5439
5439
5440
5440
5440
5441
5441
5442
5442
5444
5444
5445
5445
5445
5445
5446
5446
5450
5450
5451
5451
5452
5452
5452
5452
5454
5454
5454
5455
5455
5456
5456
5456
5456
5456
5456
5456
5456
5456
5456
5457
5457
5463
5463
5464
5464
5464
5465
5465
5465
5466
5466
5466
5466
5466
5467
5467
5467
5467
5467
5467
5468
5468
5469
5469
5470
5470
5470
5471
5471
5471
5471
5472
5472
5473
5473
5474
5474
5475
5475
5477
5477
5478
5478
5481
5481
5483
5483
5487
5487
5488
5488
5488
5488
5488
5488
5488
5488
5488
5488
5488
5488
5488
5488
5488
5488
5488
5488
5488
5488
5488
5488
5488
5488
5488
5488
5488
5488
5488
5488
5488
5488
5488
5488
5489
5489
5489
5491
5491
5493
5493
5495
5495
5495
5495
5496
5496
5497
5497
5498
5498
5500
5500
5502
5502
5503
5503
5506
5506
5506
5507
5507
5508
5508
5511
5511
5511
5512
5512
5512
5513
5513
5514
5514
5515
5515
5515
5517
5517
5518
5518
5519
5519
5520
5520
5524
5524
5526
5526
5527
5527
5528
5528
5528
5532
5532
5532
5532
5532
5533
5533
5534
5534
5534
5535
5535
5536
5536
5536
5538
5538
5539
5539
5540
5540
5540
5540
5541
5541
5541
5541
5542
5542
5545
5545
5545
5545
5545
5545
5546
5546
5549
5549
5549
5550
5550
5550
5551
5551
5551
5552
5552
5552
5553
5553
5554
5554
5555
5555
5555
5556
5556
5556
5558
5558
5558
5559
5559
5560
5560
5560
5560
5560
5560
5561
5561
5561
5563
5563
5565
5565
5565
5565
5566
5566
5567
5567
5568
5568
5568
5570
5570
5572
5572
5572
5572
5573
5573
5573
5574
5574
5574
5574
5574
5575
5575
5576
5576
5576
5578
5578
5578
5578
5579
5579
5581
5581
5581
5581
5581
5581
5582
5582
5588
5588
5588
5589
5589
5590
5590
5592
5592
5592
5593
5593
5595
5595
5597
5597
5597
5599
5599
5601
5601
5602
5602
5603
5603
5604
5604
5605
5605
5605
5605
5606
5606
5609
5609
5609
5610
5610
5610
5611
5611
5612
5612
5613
5613
5614
5614
5615
5615
5619
5619
5620
5620
5620
5620
5621
5621
5621
5623
5623
5623
5623
5623
5623
5623
5625
5625
5627
5627
5628
5628
5628
5629
5629
5631
5631
5631
5632
5632
5633
5633
5633
5634
5634
5634
5635
5635
5637
5637
5638
5638
5639
5639
5641
5641
5641
5641
5642
5642
5642
5642
5642
5643
5643
5643
5644
5644
5646
5646
5648
5648
5649
5649
5650
5650
5650
5654
5654
5655
5655
5657
5657
5658
5658
5660
5660
5661
5661
5662
5662
5662
5662
5663
5663
5665
5665
5666
5666
5666
5666
5670
5670
5671
5671
5671
5672
5672
5673
5673
5676
5676
5676
5676
5678
5678
5679
5679
5680
5680
5680
5680
5680
5683
5683
5683
5684
5684
5685
5685
5685
5685
5686
5686
5686
5688
5688
5689
5689
5690
5690
5691
5691
5692
5692
5694
5694
5695
5695
5695
5695
5696
5696
5696
5697
5697
5698
5698
5699
5699
5701
5701
5701
5702
5702
5703
5703
5703
5703
5703
5703
5704
5704
5705
5705
5705
5707
5707
5708
5708
5708
5708
5708
5708
5708
5708
5711
5711
5711
5712
5712
5712
5713
5713
5714
5714
5714
5714
5714
5716
5716
5719
5719
5720
5720
5721
5721
5723
5723
5723
5724
5724
5724
5724
5724
5724
5724
5724
5724
5724
5724
5724
5724
5726
5726
5726
5727
5727
5729
5729
5730
5730
5733
5733
5734
5734
5734
5736
5736
5737
5737
5737
5738
5738
5738
5738
5739
5739
5740
5740
5741
5741
5742
5742
5742
5742
5742
5742
5744
5744
5744
5747
5747
5748
5748
5749
5749
5750
5750
5750
5750
5751
5751
5753
5753
5753
5753
5753
5753
5753
5755
5755
5757
5757
5757
5757
5758
5758
5758
5759
5759
5759
5759
5759
5759
5761
5761
5761
5761
5761
5761
5761
5762
5762
5763
5763
5764
5764
5768
5768
5769
5769
5769
5770
5770
5770
5770
5770
5771
5771
5771
5771
5771
5771
5771
5771
5771
5771
5771
5771
5771
5771
5771
5771
5771
5771
5771
5771
5771
5771
5771
5771
5771
5771
5771
5771
5771
5771
5771
5771
5771
5771
5771
5771
5771
5771
5771
5771
5771
5771
5771
5771
5771
5771
5771
5771
5771
5771
5771
5771
5771
5771
5771
5771
5771
5771
5771
5771
5771
5771
5771
5771
5771
5771
5771
5771
5771
5771
5771
5771
5771
5771
5771
5771
5771
5771
5771
5771
5771
5771
5771
5771
5771
5771
5771
5771
5776
5776
5776
5776
5776
5776
5776
5776
5776
5776
5776
5776
5776
5776
5776
5776
5776
5777
5777
5777
5777
5780
5780
5781
5781
5781
5781
5781
5784
5784
5785
5785
5787
5787
5788
5788
5788
5790
5790
5790
5790
5790
5790
5792
5792
5793
5793
5793
5794
5794
5794
5795
5795
5795
5795
5797
5797
5798
5798
5798
5799
5799
5800
5800
5801
5801
5802
5802
5802
5802
5803
5803
5803
5804
5804
5804
5804
5804
5804
5804
5804
5804
5804
5804
5804
5804
5804
5804
5804
5804
5804
5804
5805
5805
5806
5806
5807
5807
5807
5808
5808
5808
5808
5808
5808
5808
5809
5809
5809
5809
5809
5809
5809
5809
5809
5810
5810
5811
5811
5811
5811
5812
5812
5812
5813
5813
5816
5816
5819
5819
5824
5824
5825
5825
5827
5827
5828
5828
5829
5829
5831
5831
5832
5832
5833
5833
5833
5833
5833
5833
5833
5833
5836
5836
5838
5838
5838
5838
5839
5839
5842
5842
5843
5843
5845
5845
5845
5847
5847
5849
5849
5849
5849
5849
5850
5850
5852
5852
5853
5853
5855
5855
5855
5856
5856
5856
5856
5857
5857
5858
5858
5858
5858
5859
5859
5860
5860
5861
5861
5862
5862
5863
5863
5864
5864
5864
5864
5864
5864
5864
5866
5866
5868
5868
5870
5870
5870
5870
5870
5870
5870
5870
5871
5871
5871
5871
5871
5871
5872
5872
5872
5873
5873
5874
5874
5874
5875
5875
5878
5878
5879
5879
5879
5880
5880
5882
5882
5883
5883
5884
5884
5884
5884
5885
5885
5886
5886
5888
5888
5889
5889
5889
5890
5890
5892
5892
5893
5893
5893
5894
5894
5894
5897
5897
5898
5898
5899
5899
5899
5901
5901
5901
5901
5902
5902
5902
5903
5903
5903
5903
5903
5903
5903
5903
5903
5903
5904
5904
5906
5906
5908
5908
5910
5910
5910
5913
5913
5913
5913
5914
5914
5915
5915
5916
5916
5917
5917
5918
5918
5919
5919
5921
5921
5923
5923
5923
5923
5923
5923
5923
5923
5923
5923
5923
5923
5923
5923
5923
5923
5923
5923
5923
5923
5923
5923
5923
5923
5923
5923
5923
5923
5923
5923
5923
5923
5923
5923
5923
5923
5923
5923
5923
5923
5923
5923
5923
5923
5923
5923
5923
5923
5923
5923
5923
5923
5923
5923
5923
5923
5923
5923
5923
5923
5923
5923
5923
5923
5923
5923
5923
5923
5923
5923
5923
5923
5923
5923
5923
5923
5923
5923
5923
5923
5923
5923
5923
5923
5923
5923
5923
5923
5923
5923
5924
5924
5925
5925
5926
5926
5926
5927
5927
5928
5928
5929
5929
5931
5931
5932
5932
5933
5933
5933
5934
5934
5935
5935
5935
5935
5935
5935
5935
5935
5935
5935
5935
5935
5935
5935
5936
5936
5938
5938
5938
5939
5939
5942
5942
5942
5942
5942
5942
5942
5944
5944
5946
5946
5947
5947
5948
5948
5949
5949
5950
5950
5951
5951
5952
5952
5952
5954
5954
5955
5955
5957
5957
5960
5960
5960
5960
5960
5960
5960
5961
5961
5961
5961
5961
5962
5962
5964
5964
5964
5964
5964
5965
5965
5966
5966
5967
5967
5967
5968
5968
5970
5970
5970
5970
5970
5974
5974
5974
5974
5974
5978
5978
5978
5978
5978
5978
5980
5980
5980
5980
5980
5980
5983
5983
5983
5983
5983
5983
5984
5984
5985
5985
5987
5987
5987
5989
5989
5989
5989
5989
5989
5989
5989
5989
5989
5990
5990
5991
5991
5994
5994
5994
5994
5996
5996
5996
5996
5996
5996
5996
5996
5996
5996
5996
5996
5996
5996
5997
5997
5997
5997
5997
5999
5999
6000
6000
6001
6001
6003
6003
6003
6003
6003
6003
6003
6003
6003
6004
6004
6005
6005
6006
6006
6007
6007
6008
6008
6009
6009
6009
6010
6010
6012
6012
6013
6013
6013
6013
6014
6014
6014
6014
6014
6018
6018
6020
6020
6020
6023
6023
6023
6024
6024
6026
6026
6029
6029
6030
6030
6030
6031
6031
6032
6032
6033
6033
6034
6034
6037
6037
6039
6039
6040
6040
6040
6040
6040
6041
6041
6042
6042
6042
6042
6043
6043
6044
6044
6045
6045
6045
6045
6047
6047
6047
6047
6047
6047
6047
6047
6047
6047
6047
6047
6047
6047
6047
6047
6047
6047
6047
6047
6047
6047
6047
6047
6047
6047
6047
6047
6047
6047
6047
6047
6047
6047
6047
6047
6047
6047
6047
6047
6047
6047
6047
6047
6047
6047
6047
6047
6047
6047
6047
6047
6047
6047
6047
6047
6047
6047
6047
6047
6047
6047
6047
6047
6047
6047
6047
6047
6047
6047
6047
6047
6047
6047
6047
6047
6047
6047
6048
6048
6048
6051
6051
6053
6053
6054
6054
6054
6054
6055
6055
6056
6056
6058
6058
6061
6061
6062
6062
6062
6062
6063
6063
6064
6064
6066
6066
6068
6068
6068
6071
6071
6071
6072
6072
6074
6074
6074
6076
6076
6076
6076
6077
6077
6079
6079
6079
6079
6080
6080
6080
6080
6080
6082
6082
6082
6082
6082
6086
6086
6086
6086
6086
6086
6086
6086
6086
6086
6086
6086
6086
6087
6087
6087
6088
6088
6089
6089
6092
6092
6092
6094
6094
6095
6095
6096
6096
6096
6097
6097
6098
6098
6098
6098
6098
6098
6100
6100
6105
6105
6105
6105
6105
6108
6108
6108
6109
6109
6110
6110
6113
6113
6113
6113
6113
6113
6114
6114
6114
6115
6115
6117
6117
6118
6118
6119
6119
6120
6120
6120
6120
6122
6122
6124
6124
6125
6125
6125
6126
6126
6127
6127
6130
6130
6130
6131
6131
6135
6135
6136
6136
6136
6136
6137
6137
6138
6138
6139
6139
6139
6139
6139
6139
6139
6139
6139
6140
6140
6141
6141
6146
6146
6147
6147
6149
6149
6150
6150
6150
6152
6152
6153
6153
6154
6154
6157
6157
6159
6159
6160
6160
6160
6160
6160
6160
6160
6160
6160
6162
6162
6163
6163
6163
6164
6164
6164
6164
6166
6166
6168
6168
6170
6170
6171
6171
6171
6171
6171
6171
6171
6171
6171
6171
6172
6172
6172
6172
6173
6173
6173
6173
6175
6175
6175
6175
6176
6176
6176
6179
6179
6179
6179
6179
6179
6181
6181
6182
6182
6183
6183
6183
6183
6183
6183
6183
6183
6183
6183
6183
6183
6183
6183
6183
6183
6183
6184
6184
6184
6184
6186
6186
6188
6188
6192
6192
6195
6195
6196
6196
6196
6197
6197
6199
6199
6200
6200
6200
6201
6201
6201
6202
6202
6204
6204
6206
6206
6207
6207
6208
6208
6209
6209
6209
6211
6211
6212
6212
6212
6212
6216
6216
6216
6216
6216
6216
6216
6216
6216
6216
6216
6217
6217
6217
6221
6221
6222
6222
6223
6223
6223
6225
6225
6225
6225
6225
6225
6225
6225
6225
6225
6225
6225
6225
6225
6225
6225
6225
6225
6225
6225
6225
6225
6225
6225
6225
6225
6225
6225
6225
6225
6225
6225
6225
6225
6225
6227
6227
6227
6227
6227
6229
6229
6230
6230
6231
6231
6233
6233
6234
6234
6235
6235
6236
6236
6237
6237
6237
6237
6237
6238
6238
6238
6240
6240
6242
6242
6242
6242
6242
6242
6242
6242
6242
6242
6242
6242
6246
6246
6247
6247
6247
6247
6247
6247
6249
6249
6250
6250
6250
6255
6255
6255
6255
6255
6256
6256
6257
6257
6258
6258
6259
6259
6260
6260
6261
6261
6263
6263
6264
6264
6267
6267
6267
6268
6268
6268
6269
6269
6271
6271
6273
6273
6276
6276
6277
6277
6278
6278
6278
6279
6279
6279
6280
6280
6281
6281
6284
6284
6285
6285
6285
6285
6286
6286
6288
6288
6289
6289
6290
6290
6291
6291
6292
6292
6293
6293
6294
6294
6294
6294
6294
6295
6295
6296
6296
6298
6298
6298
6298
6298
6298
6298
6298
6298
6298
6298
6298
6298
6298
6298
6298
6298
6298
6298
6298
6298
6298
6298
6298
6298
6298
6298
6298
6298
6298
6298
6299
6299
6299
6299
6301
6301
6303
6303
6303
6304
6304
6305
6305
6306
6306
6308
6308
6308
6310
6310
6310
6310
6311
6311
6312
6312
6314
6314
6314
6316
6316
6317
6317
6319
6319
6320
6320
6321
6321
6321
6322
6322
6324
6324
6325
6325
6326
6326
6326
6326
6326
6327
6327
6330
6330
6331
6331
6332
6332
6333
6333
6335
6335
6336
6336
6339
6339
6340
6340
6340
6340
6343
6343
6345
6345
6347
6347
6348
6348
6348
6348
6348
6348
6348
6348
6348
6348
6348
6348
6348
6348
6348
6348
6348
6354
6354
6354
6355
6355
6355
6355
6357
6357
6357
6358
6358
6359
6359
6359
6364
6364
6364
6365
6365
6367
6367
6367
6367
6367
6368
6368
6369
6369
6369
6371
6371
6373
6373
6373
6373
6374
6374
6374
6376
6376
6376
6376
6378
6378
6378
6378
6378
6378
6378
6378
6378
6378
6378
6378
6378
6378
6378
6378
6378
6378
6378
6378
6378
6378
6378
6378
6378
6378
6378
6378
6378
6378
6378
6378
6378
6378
6378
6379
6379
6379
6380
6380
6381
6381
6381
6382
6382
6385
6385
6386
6386
6387
6387
6389
6389
6390
6390
6390
6390
6390
6394
6394
6395
6395
6395
6395
6395
6395
6395
6395
6395
6395
6395
6395
6395
6395
6395
6395
6395
6395
6395
6395
6395
6395
6395
6395
6395
6395
6395
6395
6395
6395
6395
6395
6395
6395
6395
6395
6395
6395
6395
6395
6395
6395
6395
6395
6395
6395
6395
6395
6395
6395
6396
6396
6396
6396
6396
6398
6398
6398
6398
6398
6398
6399
6399
6399
6400
6400
6400
6401
6401
6402
6402
6403
6403
6405
6405
6406
6406
6407
6407
6407
6407
6407
6407
6407
6407
6407
6408
6408
6408
6408
6409
6409
6411
6411
6414
6414
6415
6415
6415
6415
6416
6416
6419
6419
6420
6420
6425
6425
6427
6427
6427
6427
6428
6428
6430
6430
6431
6431
6431
6432
6432
6434
6434
6434
6435
6435
6436
6436
6436
6436
6438
6438
6438
6438
6439
6439
6439
6439
6440
6440
6441
6441
6441
6442
6442
6442
6443
6443
6443
6443
6443
6443
6443
6443
6444
6444
6444
6444
6444
6444
6445
6445
6447
6447
6447
6449
6449
6449
6452
6452
6454
6454
6455
6455
6455
6457
6457
6457
6459
6459
6459
6459
6460
6460
6460
6461
6461
6461
6461
6461
6461
6461
6463
6463
6464
6464
6464
6466
6466
6467
6467
6467
6467
6468
6468
6469
6469
6469
6469
6470
6470
6471
6471
6471
6476
6476
6476
6478
6478
6479
6479
6480
6480
6481
6481
6483
6483
6484
6484
6484
6484
6484
6485
6485
6485
6485
6485
6486
6486
6487
6487
6487
6487
6488
6488
6488
6488
6489
6489
6489
6489
6489
6489
6489
6492
6492
6493
6493
6493
6497
6497
6499
6499
6501
6501
6502
6502
6504
6504
6505
6505
6506
6506
6506
6506
6507
6507
6508
6508
6510
6510
6510
6510
6510
6510
6513
6513
6515
6515
6516
6516
6518
6518
6518
6518
6518
6518
6518
6518
6518
6518
6518
6518
6518
6518
6518
6518
6518
6518
6518
6518
6518
6518
6518
6518
6518
6518
6518
6519
6519
6521
6521
6521
6521
6521
6522
6522
6522
6522
6523
6523
6523
6524
6524
6527
6527
6527
6527
6530
6530
6532
6532
6533
6533
6535
6535
6535
6535
6536
6536
6537
6537
6538
6538
6538
6540
6540
6541
6541
6541
6541
6541
6542
6542
6542
6544
6544
6544
6544
6544
6547
6547
6547
6549
6549
6551
6551
6552
6552
6552
6552
6552
6552
6552
6552
6553
6553
6554
6554
6555
6555
6555
6555
6555
6555
6556
6556
6556
6556
6556
6556
6556
6556
6556
6557
6557
6557
6557
6557
6558
6558
6559
6559
6561
6561
6563
6563
6565
6565
6566
6566
6567
6567
6568
6568
6568
6568
6568
6568
6568
6568
6568
6568
6568
6568
6568
6568
6568
6568
6568
6568
6568
6569
6569
6569
6570
6570
6573
6573
6574
6574
6575
6575
6576
6576
6577
6577
6578
6578
6579
6579
6580
6580
6580
6580
6580
6580
6580
6580
6582
6582
6582
6582
6583
6583
6585
6585
6585
6585
6586
6586
6587
6587
6587
6589
6589
6590
6590
6591
6591
6592
6592
6592
6592
6593
6593
6595
6595
6595
6595
6595
6595
6595
6596
6596
6596
6598
6598
6598
6598
6598
6598
6598
6598
6598
6598
6598
6598
6598
6598
6598
6598
6598
6598
6598
6598
6598
6598
6598
6598
6598
6598
6598
6598
6598
6598
6598
6598
6598
6598
6598
6598
6598
6598
6598
6598
6598
6598
6598
6598
6598
6598
6598
6598
6598
6598
6598
6598
6598
6598
6598
6598
6598
6598
6598
6598
6598
6598
6598
6598
6599
6599
6599
6599
6599
6601
6601
6604
6604
6608
6608
6608
6608
6609
6609
6610
6610
6612
6612
6612
6612
6612
6612
6614
6614
6614
6614
6614
6615
6615
6615
6615
6615
6617
6617
6617
6617
6617
6617
6617
6617
6617
6617
6617
6617
6617
6617
6617
6618
6618
6620
6620
6623
6623
6629
6629
6629
6629
6629
6629
6629
6629
6629
6629
6629
6629
6629
6629
6629
6630
6630
6631
6631
6631
6634
6634
6636
6636
6637
6637
6638
6638
6639
6639
6639
6642
6642
6642
6642
6642
6642
6642
6642
6642
6642
6642
6642
6642
6642
6642
6642
6642
6642
6642
6642
6642
6642
6642
6642
6642
6642
6644
6644
6648
6648
6649
6649
6650
6650
6650
6650
6650
6651
6651
6651
6651
6651
6652
6652
6652
6652
6652
6653
6653
6655
6655
6656
6656
6656
6656
6657
6657
6659
6659
6659
6659
6659
6659
6659
6659
6659
6659
6659
6659
6659
6659
6659
6659
6659
6659
6659
6659
6659
6659
6659
6659
6659
6659
6659
6659
6659
6659
6659
6659
6659
6659
6659
6659
6659
6660
6660
6660
6660
6660
6661
6661
6661
6661
6661
6661
6661
6661
6663
6663
6664
6664
6666
6666
6667
6667
6667
6671
6671
6675
6675
6675
6676
6676
6677
6677
6677
6677
6677
6679
6679
6681
6681
6681
6681
6681
6682
6682
6684
6684
6686
6686
6686
6686
6687
6687
6688
6688
6689
6689
6690
6690
6691
6691
6691
6691
6692
6692
6693
6693
6695
6695
6696
6696
6698
6698
6699
6699
6701
6701
6703
6703
6705
6705
6705
6706
6706
6707
6707
6709
6709
6710
6710
6712
6712
6715
6715
6716
6716
6716
6716
6717
6717
6717
6718
6718
6718
6718
6723
6723
6723
6724
6724
6725
6725
6726
6726
6726
6727
6727
6727
6727
6727
6727
6727
6731
6731
6733
6733
6734
6734
6735
6735
6736
6736
6736
6739
6739
6740
6740
6740
6740
6741
6741
6742
6742
6746
6746
6746
6746
6746
6746
6747
6747
6747
6747
6748
6748
6748
6748
6748
6748
6748
6748
6748
6748
6748
6748
6748
6748
6748
6748
6748
6748
6748
6748
6748
6748
6748
6748
6748
6748
6748
6748
6748
6748
6748
6748
6748
6748
6748
6748
6748
6748
6748
6749
6749
6751
6751
6752
6752
6757
6757
6758
6758
6759
6759
6760
6760
6762
6762
6763
6763
6764
6764
6766
6766
6766
6766
6767
6767
6768
6768
6769
6769
6770
6770
6773
6773
6774
6774
6775
6775
6778
6778
6778
6778
6778
6778
6779
6779
6779
6780
6780
6780
6783
6783
6785
6785
6786
6786
6786
6787
6787
6787
6787
6787
6787
6787
6787
6787
6787
6787
6787
6787
6789
6789
6790
6790
6791
6791
6792
6792
6793
6793
6793
6793
6794
6794
6795
6795
6795
6795
6796
6796
6798
6798
6798
6798
6799
6799
6799
6801
6801
6802
6802
6802
6802
6803
6803
6803
6804
6804
6806
6806
6807
6807
6807
6807
6807
6807
6808
6808
6810
6810
6812
6812
6812
6812
6812
6812
6813
6813
6813
6813
6813
6813
6813
6821
6821
6822
6822
6823
6823
6824
6824
6825
6825
6825
6826
6826
6827
6827
6827
6827
6828
6828
6830
6830
6834
6834
6834
6834
6834
6836
6836
6836
6837
6837
6837
6838
6838
6841
6841
6841
6842
6842
6842
6842
6842
6843
6843
6844
6844
6845
6845
6846
6846
6846
6846
6846
6846
6846
6846
6846
6846
6846
6846
6846
6846
6846
6846
6846
6846
6846
6846
6847
6847
6850
6850
6852
6852
6853
6853
6856
6856
6856
6856
6857
6857
6857
6858
6858
6859
6859
6861
6861
6861
6863
6863
6863
6864
6864
6866
6866
6867
6867
6867
6869
6869
6869
6869
6869
6871
6871
6875
6875
6875
6875
6875
6875
6876
6876
6876
6877
6877
6878
6878
6879
6879
6880
6880
6880
6880
6880
6881
6881
6884
6884
6887
6887
6888
6888
6888
6890
6890
6890
6891
6891
6892
6892
6892
6892
6892
6892
6893
6893
6894
6894
6894
6894
6894
6894
6894
6894
6894
6894
6895
6895
6897
6897
6898
6898
6900
6900
6902
6902
6903
6903
6904
6904
6904
6904
6905
6905
6905
6905
6905
6905
6906
6906
6906
6910
6910
6910
6911
6911
6911
6912
6912
6913
6913
6913
6914
6914
6916
6916
6916
6918
6918
6919
6919
6919
6919
6919
6919
6919
6919
6919
6919
6920
6920
6920
6921
6921
6921
6921
6923
6923
6923
6924
6924
6924
6924
6924
6926
6926
6927
6927
6927
6928
6928
6929
6929
6930
6930
6931
6931
6932
6932
6933
6933
6934
6934
6935
6935
6936
6936
6940
6940
6940
6940
6940
6944
6944
6945
6945
6946
6946
6946
6948
6948
6948
6948
6952
6952
6954
6954
6955
6955
6955
6956
6956
6957
6957
6958
6958
6959
6959
6959
6959
6959
6959
6959
6960
6960
6961
6961
6962
6962
6962
6962
6963
6963
6964
6964
6965
6965
6966
6966
6967
6967
6967
6967
6967
6967
6967
6967
6967
6967
6971
6971
6971
6972
6972
6972
6972
6972
6974
6974
6975
6975
6976
6976
6980
6980
6980
6981
6981
6983
6983
6985
6985
6987
6987
6988
6988
6991
6991
6993
6993
6993
6994
6994
6994
6995
6995
6996
6996
6996
6997
6997
6998
6998
7000
7000
7000
7000
7000
7000
7000
7000
7002
7002
7003
7003
7006
7006
7007
7007
7010
7010
7010
7010
7011
7011
7011
7011
7012
7012
7012
7012
7013
7013
7014
7014
7015
7015
7018
7018
7019
7019
7019
7019
7024
7024
7024
7024
7024
7024
7027
7027
7030
7030
7030
7032
7032
7033
7033
7035
7035
7036
7036
7041
7041
7043
7043
7046
7046
7047
7047
7047
7049
7049
7050
7050
7050
7050
7050
7051
7051
7051
7051
7051
7051
7051
7051
7051
